0.000000  0.569418  0.000000  0.430581  0.000000  0.000000  0.000000  0.000000
0.000000  0.999999  0.000000  0.000000  0.000000  0.000000  0.000000  0.000000
0.041285  0.000002  0.000002  0.000002  0.000002  0.000002  0.000002  0.958702
0.186251  0.170539  0.000000  0.000000  0.000000  0.000000  0.643209  0.000000
0.000000  0.958353  0.000000  0.000000  0.000000  0.000000  0.000000  0.041646
0.052525  0.412662  0.000000  0.209104  0.000000  0.000000  0.000000  0.325709
0.000000  0.999999  0.000000  0.000000  0.000000  0.000000  0.000000  0.000000
0.000000  0.000000  0.000000  0.999999  0.000000  0.000000  0.000000  0.000000
0.000000  0.670419  0.000000  0.329580  0.000000  0.000000  0.000000  0.000000
0.160088  0.000000  0.000000  0.000000  0.000000  0.000000  0.068608  0.771304
0.000000  0.831741  0.000000  0.168258  0.000000  0.000000  0.000000  0.000000
0.000000  0.000000  0.000000  0.999999  0.000000  0.000000  0.000000  0.000000
0.000000  0.000000  0.000000  0.757671  0.000000  0.000000  0.000000  0.242328
0.000000  0.999999  0.000000  0.000000  0.000000  0.000000  0.000000  0.000000
0.000000  0.848708  0.000000  0.151291  0.000000  0.000000  0.000000  0.000000
0.000000  0.999999  0.000000  0.000000  0.000000  0.000000  0.000000  0.000000
0.000000  0.999999  0.000000  0.000000  0.000000  0.000000  0.000000  0.000000
0.000000  0.999999  0.000000  0.000000  0.000000  0.000000  0.000000  0.000000
0.000000  0.999999  0.000000  0.000000  0.000000  0.000000  0.000000  0.000000
0.999999  0.000000  0.000000  0.000000  0.000000  0.000000  0.000000  0.000000
0.999999  0.000000  0.000000  0.000000  0.000000  0.000000  0.000000  0.000000
0.999999  0.000000  0.000000  0.000000  0.000000  0.000000  0.000000  0.000000
0.999999  0.000000  0.000000  0.000000  0.000000  0.000000  0.000000  0.000000
0.189748  0.277008  0.000000  0.130002  0.000000  0.000000  0.292800  0.110441
0.163631  0.000000  0.000000  0.596382  0.000000  0.000000  0.237725  0.002262
0.014070  0.347844  0.000000  0.165147  0.000000  0.115889  0.000000  0.357050
0.000000  0.333661  0.000000  0.000000  0.000000  0.000000  0.000000  0.666338
0.000000  0.999999  0.000000  0.000000  0.000000  0.000000  0.000000  0.000000
0.000000  0.321771  0.000000  0.325949  0.000000  0.000000  0.000000  0.352279
0.000000  0.441103  0.000000  0.558896  0.000000  0.000000  0.000000  0.000000
0.000000  0.623477  0.000000  0.308558  0.000000  0.000000  0.000000  0.067964
0.137726  0.000000  0.000000  0.000000  0.000000  0.000000  0.110513  0.751761
0.000000  0.999999  0.000000  0.000000  0.000000  0.000000  0.000000  0.000000
0.458567  0.541432  0.000000  0.000000  0.000000  0.000000  0.000000  0.000000
0.000000  0.000000  0.000000  0.999999  0.000000  0.000000  0.000000  0.000000
0.000000  0.000000  0.000000  0.999999  0.000000  0.000000  0.000000  0.000000
0.000000  0.000000  0.000000  0.999999  0.000000  0.000000  0.000000  0.000000
0.101007  0.000000  0.626742  0.000000  0.053544  0.000000  0.218707  0.000000
0.000000  0.292283  0.707716  0.000000  0.000000  0.000000  0.000000  0.000000
0.000000  0.000000  0.999999  0.000000  0.000000  0.000000  0.000000  0.000000
0.000000  0.999999  0.000000  0.000000  0.000000  0.000000  0.000000  0.000000
0.000000  0.000000  0.999999  0.000000  0.000000  0.000000  0.000000  0.000000
0.000000  0.000000  0.999999  0.000000  0.000000  0.000000  0.000000  0.000000
0.000000  0.835560  0.000000  0.064064  0.000000  0.100375  0.000000  0.000000
0.000000  0.000000  0.000000  0.000000  0.000000  0.000000  0.000000  0.999999
0.000000  0.559292  0.000000  0.000000  0.000000  0.000000  0.000000  0.440707
0.093237  0.545042  0.000000  0.154298  0.000000  0.000000  0.000000  0.207422
0.573292  0.368342  0.000000  0.000000  0.000000  0.042434  0.000000  0.015931
0.000000  0.999999  0.000000  0.000000  0.000000  0.000000  0.000000  0.000000
0.459442  0.074850  0.000000  0.000000  0.000000  0.202841  0.141224  0.121643
0.000000  0.904792  0.000000  0.000000  0.000000  0.000000  0.000000  0.095207
0.000000  0.760945  0.000000  0.239054  0.000000  0.000000  0.000000  0.000000
0.140682  0.000000  0.000000  0.362371  0.000000  0.000000  0.165229  0.331718
0.154099  0.244953  0.000000  0.000000  0.000000  0.000000  0.600947  0.000000
0.000000  0.000000  0.000000  0.000000  0.000000  0.999999  0.000000  0.000000
0.250604  0.093161  0.000000  0.002453  0.000000  0.000000  0.361275  0.292506
0.049016  0.000000  0.000000  0.000000  0.000000  0.000000  0.950983  0.000000
0.097601  0.000000  0.000000  0.000000  0.000000  0.092310  0.716344  0.093745
0.146301  0.000000  0.000000  0.000000  0.000000  0.000000  0.629181  0.224518
0.061414  0.096447  0.000000  0.000000  0.000000  0.192727  0.649412  0.000000
0.375715  0.000000  0.000000  0.441991  0.000000  0.000000  0.069406  0.112888
0.000001  0.501912  0.000001  0.000001  0.000001  0.000001  0.000001  0.498082
0.000000  0.877784  0.000000  0.000000  0.000000  0.000000  0.122215  0.000000
0.227285  0.305292  0.000000  0.000000  0.000000  0.000000  0.123321  0.344101
0.000000  0.999999  0.000000  0.000000  0.000000  0.000000  0.000000  0.000000
0.000000  0.999999  0.000000  0.000000  0.000000  0.000000  0.000000  0.000000
0.000000  0.999999  0.000000  0.000000  0.000000  0.000000  0.000000  0.000000
0.999999  0.000000  0.000000  0.000000  0.000000  0.000000  0.000000  0.000000
0.999999  0.000000  0.000000  0.000000  0.000000  0.000000  0.000000  0.000000
0.087942  0.470032  0.000000  0.127669  0.000000  0.000000  0.000000  0.314357
0.261724  0.709314  0.000000  0.000000  0.000000  0.028961  0.000000  0.000000
0.656772  0.343227  0.000000  0.000000  0.000000  0.000000  0.000000  0.000000
0.999999  0.000000  0.000000  0.000000  0.000000  0.000000  0.000000  0.000000
0.999999  0.000000  0.000000  0.000000  0.000000  0.000000  0.000000  0.000000
0.999999  0.000000  0.000000  0.000000  0.000000  0.000000  0.000000  0.000000
0.999999  0.000000  0.000000  0.000000  0.000000  0.000000  0.000000  0.000000
0.999999  0.000000  0.000000  0.000000  0.000000  0.000000  0.000000  0.000000
0.999999  0.000000  0.000000  0.000000  0.000000  0.000000  0.000000  0.000000
0.999999  0.000000  0.000000  0.000000  0.000000  0.000000  0.000000  0.000000
0.349460  0.000000  0.000000  0.359323  0.000000  0.000000  0.000000  0.291216
0.000003  0.000003  0.000003  0.999979  0.000003  0.000003  0.000003  0.000003
0.793637  0.000000  0.000000  0.000000  0.055600  0.000000  0.000000  0.150763
0.000000  0.999999  0.000000  0.000000  0.000000  0.000000  0.000000  0.000000
0.114580  0.000000  0.121540  0.000000  0.000000  0.000000  0.636386  0.127493
0.000000  0.999999  0.000000  0.000000  0.000000  0.000000  0.000000  0.000000
0.103622  0.042891  0.000000  0.000000  0.000000  0.000000  0.517862  0.335625
0.000000  0.740103  0.000000  0.000000  0.000000  0.000000  0.000000  0.259897
0.046298  0.000000  0.000000  0.751937  0.000000  0.000000  0.000000  0.201764
0.000000  0.000000  0.000000  0.846678  0.000000  0.000000  0.000000  0.153322
0.040554  0.959445  0.000000  0.000000  0.000000  0.000000  0.000000  0.000000
0.000000  0.949349  0.000000  0.000002  0.000000  0.000000  0.050648  0.000000
0.000000  0.000000  0.000000  0.999999  0.000000  0.000000  0.000000  0.000000
0.000000  0.000000  0.000000  0.999997  0.000000  0.000000  0.000000  0.000000
0.000000  0.655441  0.000000  0.000000  0.000000  0.000000  0.000000  0.344559
0.000000  0.000000  0.000000  0.999999  0.000000  0.000000  0.000000  0.000000
0.000000  0.000000  0.000000  0.999999  0.000000  0.000000  0.000000  0.000000
0.000000  0.746918  0.000000  0.000000  0.000000  0.000000  0.000000  0.253082
0.000000  0.547978  0.000000  0.452021  0.000000  0.000000  0.000000  0.000000
0.000000  0.000000  0.000000  0.999999  0.000000  0.000000  0.000000  0.000000
0.000000  0.810287  0.000000  0.000000  0.000000  0.000000  0.000000  0.189712
0.000000  0.192018  0.000000  0.807266  0.000000  0.000000  0.000000  0.000715
0.000000  0.000000  0.000000  0.999999  0.000000  0.000000  0.000000  0.000000
0.000000  0.870000  0.000000  0.129999  0.000000  0.000000  0.000000  0.000000
0.000000  0.000000  0.000000  0.907394  0.000000  0.000000  0.092605  0.000000
0.000000  0.000000  0.000000  0.954811  0.000000  0.000000  0.000000  0.045189
0.000000  0.000000  0.000000  0.999999  0.000000  0.000000  0.000000  0.000000
0.000000  0.865444  0.000000  0.000000  0.000000  0.000000  0.077996  0.056560
0.000000  0.802143  0.000000  0.000000  0.000000  0.000000  0.100030  0.097826
0.183905  0.527582  0.000000  0.000000  0.000000  0.000000  0.000000  0.288513
0.183948  0.529189  0.000000  0.000000  0.000000  0.000000  0.000000  0.286863
0.205765  0.304422  0.000000  0.000000  0.000000  0.000000  0.000000  0.489812
0.000000  0.530651  0.000000  0.000000  0.000000  0.000000  0.000000  0.469348
0.000000  0.627917  0.000000  0.000000  0.000000  0.004556  0.000000  0.367526
0.000000  0.000000  0.000000  0.677747  0.000000  0.000000  0.000000  0.322253
0.000003  0.000003  0.000003  0.999976  0.000003  0.000003  0.000003  0.000003
0.000001  0.673926  0.000001  0.000001  0.000001  0.326066  0.000001  0.000001
0.000000  0.641024  0.000000  0.000000  0.000000  0.091517  0.000000  0.267458
0.000000  0.000000  0.000000  0.383092  0.000000  0.000000  0.496348  0.120559
0.000000  0.000000  0.000000  0.000000  0.000000  0.000000  0.999999  0.000000
0.000000  0.485520  0.000000  0.000000  0.000000  0.000000  0.296267  0.218212
0.083918  0.245069  0.000000  0.476603  0.000000  0.000000  0.194410  0.000000
0.000000  0.000000  0.000000  0.000000  0.000000  0.000000  0.999999  0.000000
0.000000  0.000000  0.000000  0.000000  0.000000  0.000000  0.999999  0.000000
0.030944  0.321878  0.000000  0.000000  0.000000  0.000000  0.000000  0.647177
0.000000  0.000000  0.000000  0.420107  0.000000  0.000000  0.101620  0.478273
0.326791  0.000000  0.000000  0.155921  0.000000  0.000000  0.138021  0.379266
0.072376  0.000000  0.000000  0.701811  0.000000  0.000000  0.225813  0.000000
0.000000  0.764318  0.000000  0.179190  0.000000  0.000000  0.000000  0.056491
0.193832  0.000000  0.000000  0.437094  0.000000  0.000000  0.000000  0.369073
0.034699  0.811179  0.000000  0.000000  0.000000  0.000000  0.049057  0.105064
0.091428  0.175295  0.000000  0.000000  0.000000  0.000000  0.447279  0.285998
0.000000  0.309858  0.000000  0.000000  0.000000  0.000000  0.245536  0.444605
0.000000  0.351331  0.000000  0.000000  0.000000  0.055174  0.000000  0.593494
0.222989  0.007669  0.000000  0.470367  0.000000  0.000000  0.000000  0.298974
0.000000  0.641115  0.000000  0.000000  0.000000  0.000000  0.163300  0.195584
0.147825  0.852174  0.000000  0.000000  0.000000  0.000000  0.000000  0.000000
0.000002  0.849130  0.000002  0.000002  0.000002  0.000002  0.000002  0.150859
0.000000  0.501852  0.000000  0.000000  0.000000  0.000000  0.000000  0.498147
0.000000  0.351767  0.000000  0.000000  0.000000  0.000000  0.155326  0.492907
0.000000  0.999999  0.000000  0.000000  0.000000  0.000000  0.000000  0.000000
0.000000  0.863955  0.000000  0.000000  0.000000  0.000000  0.000000  0.136044
0.000000  0.365528  0.000000  0.491653  0.000000  0.000000  0.000000  0.142818
0.710708  0.289291  0.000000  0.000000  0.000000  0.000000  0.000000  0.000000
0.810422  0.000000  0.000000  0.000000  0.000000  0.000000  0.000000  0.189578
0.000000  0.999999  0.000000  0.000000  0.000000  0.000000  0.000000  0.000000
0.000000  0.999999  0.000000  0.000000  0.000000  0.000000  0.000000  0.000000
0.999999  0.000000  0.000000  0.000000  0.000000  0.000000  0.000000  0.000000
0.355609  0.000000  0.000000  0.000000  0.000000  0.000000  0.000000  0.644390
0.000000  0.999999  0.000000  0.000000  0.000000  0.000000  0.000000  0.000000
0.000000  0.999999  0.000000  0.000000  0.000000  0.000000  0.000000  0.000000
0.206137  0.793862  0.000000  0.000000  0.000000  0.000000  0.000000  0.000000
0.000000  0.540554  0.459446  0.000000  0.000000  0.000000  0.000000  0.000000
0.999999  0.000000  0.000000  0.000000  0.000000  0.000000  0.000000  0.000000
0.000000  0.999999  0.000000  0.000000  0.000000  0.000000  0.000000  0.000000
0.401213  0.000000  0.000000  0.000000  0.000000  0.000000  0.000000  0.598786
0.000000  0.861183  0.000000  0.000000  0.000000  0.000000  0.000000  0.138817
0.000000  0.000000  0.000000  0.768071  0.000000  0.000000  0.000000  0.231928
0.000000  0.999999  0.000000  0.000000  0.000000  0.000000  0.000000  0.000000
0.058194  0.475337  0.000000  0.000000  0.000000  0.000000  0.070145  0.396323
0.061398  0.000000  0.000000  0.000000  0.000000  0.641223  0.000000  0.297379
0.999999  0.000000  0.000000  0.000000  0.000000  0.000000  0.000000  0.000000
0.999999  0.000000  0.000000  0.000000  0.000000  0.000000  0.000000  0.000000
0.000000  0.000000  0.999999  0.000000  0.000000  0.000000  0.000000  0.000000
0.036621  0.960814  0.000000  0.000000  0.000000  0.002564  0.000000  0.000000
0.000000  0.685072  0.000000  0.314927  0.000000  0.000000  0.000000  0.000000
0.000000  0.219602  0.000000  0.000000  0.000000  0.029915  0.054398  0.696085
0.051504  0.828264  0.000000  0.000000  0.000000  0.000000  0.120232  0.000000
0.091305  0.811102  0.000000  0.000000  0.000000  0.000000  0.097592  0.000000
0.000000  0.000000  0.000000  0.751290  0.000000  0.039744  0.075116  0.133849
0.999971  0.000004  0.000004  0.000004  0.000004  0.000004  0.000004  0.000004
0.000000  0.762224  0.000000  0.000000  0.000000  0.000000  0.064743  0.173033
0.000003  0.000003  0.000003  0.000003  0.000003  0.000003  0.999981  0.000003
0.000007  0.000007  0.000007  0.000007  0.000007  0.000007  0.999954  0.000007
0.000000  0.832517  0.000000  0.073015  0.000000  0.000000  0.094468  0.000000
0.000000  0.000000  0.000000  0.000000  0.000000  0.000000  0.000000  0.999999
0.000000  0.000000  0.000000  0.917900  0.000000  0.000000  0.000000  0.082099
0.301498  0.335364  0.000000  0.000000  0.000000  0.000000  0.000000  0.363137
0.026496  0.973502  0.000000  0.000000  0.000000  0.000000  0.000000  0.000000
0.000000  0.726459  0.000000  0.000000  0.000000  0.062733  0.000000  0.210807
0.000000  0.711193  0.000000  0.000000  0.000000  0.288806  0.000000  0.000000
0.000000  0.672041  0.000000  0.248121  0.000000  0.000000  0.000000  0.079837
0.000000  0.999999  0.000000  0.000000  0.000000  0.000000  0.000000  0.000000
0.000000  0.923594  0.000000  0.000000  0.000000  0.000000  0.000000  0.076406
0.073444  0.926555  0.000000  0.000000  0.000000  0.000000  0.000000  0.000000
0.340292  0.659708  0.000000  0.000000  0.000000  0.000000  0.000000  0.000000
0.188000  0.000000  0.000000  0.399906  0.000000  0.000000  0.109877  0.302217
0.628244  0.000002  0.000002  0.000002  0.000002  0.371747  0.000002  0.000002
0.000000  0.592374  0.000000  0.116035  0.000000  0.000000  0.000000  0.291590
0.000000  0.000000  0.000000  0.999999  0.000000  0.000000  0.000000  0.000000
0.103189  0.044265  0.000000  0.000000  0.000000  0.000000  0.517407  0.335139
0.123331  0.000000  0.000000  0.719807  0.000000  0.000000  0.000000  0.156862
0.000000  0.540755  0.459244  0.000000  0.000000  0.000000  0.000000  0.000000
0.000000  0.577162  0.422837  0.000000  0.000000  0.000000  0.000000  0.000000
0.000000  0.575313  0.424687  0.000000  0.000000  0.000000  0.000000  0.000000
0.000000  0.351879  0.648120  0.000000  0.000000  0.000000  0.000000  0.000000
0.000000  0.351382  0.648617  0.000000  0.000000  0.000000  0.000000  0.000000
0.000000  0.469552  0.509825  0.000000  0.000000  0.000000  0.000000  0.020623
0.000000  0.469931  0.509814  0.000000  0.000000  0.000000  0.000000  0.020254
0.000000  0.365702  0.609692  0.000000  0.000000  0.000000  0.000000  0.024606
0.000000  0.428907  0.571092  0.000000  0.000000  0.000000  0.000000  0.000000
0.000000  0.365603  0.609461  0.000000  0.000000  0.000000  0.000000  0.024935
0.000000  0.631170  0.368830  0.000000  0.000000  0.000000  0.000000  0.000000
0.000000  0.512170  0.487829  0.000000  0.000000  0.000000  0.000000  0.000000
0.000000  0.512047  0.487953  0.000000  0.000000  0.000000  0.000000  0.000000
0.000003  0.000003  0.549486  0.450497  0.000003  0.000003  0.000003  0.000003
0.000000  0.428891  0.571108  0.000000  0.000000  0.000000  0.000000  0.000000
0.215385  0.000000  0.000000  0.000000  0.000000  0.000000  0.000000  0.784614
0.167446  0.260122  0.000000  0.013008  0.000000  0.000000  0.559424  0.000000
0.000000  0.868141  0.000000  0.000000  0.000000  0.131858  0.000000  0.000000
0.999835  0.000024  0.000024  0.000024  0.000024  0.000024  0.000024  0.000024
0.000000  0.816778  0.000000  0.183221  0.000000  0.000000  0.000000  0.000000
0.000000  0.000000  0.000000  0.999999  0.000000  0.000000  0.000000  0.000000
0.000000  0.999999  0.000000  0.000000  0.000000  0.000000  0.000000  0.000000
0.000013  0.000013  0.000013  0.000013  0.000013  0.000013  0.999907  0.000013
0.838808  0.000000  0.000000  0.000000  0.000000  0.000000  0.161192  0.000000
0.000000  0.564517  0.000000  0.000000  0.000000  0.000000  0.000000  0.435482
0.000000  0.822454  0.000000  0.177545  0.000000  0.000000  0.000000  0.000000
0.000000  0.000000  0.000000  0.999999  0.000000  0.000000  0.000000  0.000000
0.000000  0.975673  0.000000  0.000000  0.000000  0.000000  0.000000  0.024327
0.000000  0.000000  0.000000  0.999999  0.000000  0.000000  0.000000  0.000000
0.063967  0.557677  0.000000  0.000000  0.000000  0.035793  0.035818  0.306745
0.798312  0.198794  0.000000  0.000000  0.000000  0.000000  0.000000  0.002894
0.585951  0.414049  0.000000  0.000000  0.000000  0.000000  0.000000  0.000000
0.300327  0.000000  0.000000  0.699672  0.000000  0.000000  0.000000  0.000000
0.068846  0.572188  0.000000  0.358965  0.000000  0.000000  0.000000  0.000000
0.127416  0.000000  0.000000  0.630454  0.000000  0.000000  0.000000  0.242129
0.264559  0.575748  0.000000  0.000000  0.000000  0.000000  0.000000  0.159693
0.000000  0.730679  0.000000  0.269320  0.000000  0.000000  0.000000  0.000000
0.532846  0.072717  0.000000  0.000000  0.000000  0.000000  0.394436  0.000000
0.096079  0.792011  0.000000  0.000000  0.000000  0.000000  0.000000  0.111909
0.523304  0.300618  0.000000  0.000000  0.000000  0.000000  0.033332  0.142745
0.000000  0.784007  0.000000  0.215992  0.000000  0.000000  0.000000  0.000000
0.000000  0.658893  0.000000  0.341106  0.000000  0.000000  0.000000  0.000000
0.394977  0.290221  0.000000  0.000000  0.000000  0.000000  0.000000  0.314801
0.000000  0.861853  0.000000  0.000000  0.000000  0.000000  0.000000  0.138146
0.000000  0.773129  0.000000  0.000000  0.000000  0.000000  0.000000  0.226870
0.000000  0.974897  0.000000  0.000000  0.025102  0.000000  0.000000  0.000000
0.013872  0.986124  0.000001  0.000001  0.000001  0.000001  0.000001  0.000001
0.369138  0.000000  0.000000  0.000000  0.000000  0.000000  0.251981  0.378881
0.000000  0.868863  0.000000  0.000000  0.000000  0.131137  0.000000  0.000000
0.063250  0.000000  0.000000  0.000000  0.000000  0.000000  0.936749  0.000000
0.242983  0.000000  0.000000  0.286045  0.000000  0.232581  0.238391  0.000000
0.000000  0.886858  0.000000  0.113141  0.000000  0.000000  0.000000  0.000000
0.000000  0.700544  0.000000  0.299455  0.000000  0.000000  0.000000  0.000000
0.000000  0.935227  0.000000  0.064772  0.000000  0.000000  0.000000  0.000000
0.000000  0.973101  0.000000  0.026898  0.000000  0.000000  0.000000  0.000000
0.000000  0.665108  0.000000  0.334892  0.000000  0.000000  0.000000  0.000000
0.000000  0.999999  0.000000  0.000000  0.000000  0.000000  0.000000  0.000000
0.000000  0.939558  0.000000  0.060441  0.000000  0.000000  0.000000  0.000000
0.000000  0.664573  0.000000  0.335426  0.000000  0.000000  0.000000  0.000000
0.021960  0.913229  0.000000  0.000000  0.000000  0.000000  0.016541  0.048269
0.000000  0.999999  0.000000  0.000000  0.000000  0.000000  0.000000  0.000000
0.000000  0.000000  0.000000  0.870286  0.000000  0.000000  0.000000  0.129713
0.472291  0.258165  0.000000  0.000000  0.000000  0.000000  0.000000  0.269544
0.000000  0.769553  0.000000  0.000000  0.000000  0.000000  0.000000  0.230446
0.000000  0.000000  0.000000  0.999999  0.000000  0.000000  0.000000  0.000000
0.000024  0.000024  0.000024  0.000024  0.000024  0.000024  0.000024  0.999833
0.041403  0.000000  0.000000  0.058997  0.000000  0.000000  0.899599  0.000000
0.000017  0.000017  0.000017  0.000017  0.000017  0.000017  0.999883  0.000017
0.000000  0.493403  0.000000  0.395241  0.000000  0.000000  0.111356  0.000000
0.000000  0.974227  0.000000  0.000000  0.000000  0.000000  0.025772  0.000000
0.000000  0.999999  0.000000  0.000000  0.000000  0.000000  0.000000  0.000000
0.000000  0.000000  0.000000  0.999999  0.000000  0.000000  0.000000  0.000000
0.000000  0.797477  0.000000  0.000000  0.000000  0.000000  0.000000  0.202523
0.000000  0.000000  0.000000  0.263760  0.000000  0.000000  0.736239  0.000000
0.000000  0.000000  0.000000  0.265014  0.000000  0.000000  0.734985  0.000000
0.000000  0.999999  0.000000  0.000000  0.000000  0.000000  0.000000  0.000000
0.210590  0.000000  0.000000  0.295666  0.000000  0.000000  0.250387  0.243355
0.000001  0.999994  0.000001  0.000001  0.000001  0.000001  0.000001  0.000001
0.000000  0.000000  0.000000  0.000000  0.000000  0.000000  0.999999  0.000000
0.999960  0.000006  0.000006  0.000006  0.000006  0.000006  0.000006  0.000006
0.000000  0.999999  0.000000  0.000000  0.000000  0.000000  0.000000  0.000000
0.285847  0.266107  0.000000  0.000000  0.000000  0.024315  0.331271  0.092460
0.000000  0.433230  0.000000  0.000000  0.000000  0.000000  0.566769  0.000000
0.000003  0.944083  0.000003  0.000003  0.000003  0.000003  0.000003  0.055897
0.000000  0.741123  0.000000  0.000000  0.000000  0.000000  0.000000  0.258876
0.478317  0.521682  0.000000  0.000000  0.000000  0.000000  0.000000  0.000000
0.000000  0.999999  0.000000  0.000000  0.000000  0.000000  0.000000  0.000000
0.000000  0.999999  0.000000  0.000000  0.000000  0.000000  0.000000  0.000000
0.000000  0.999999  0.000000  0.000000  0.000000  0.000000  0.000000  0.000000
0.000000  0.999999  0.000000  0.000000  0.000000  0.000000  0.000000  0.000000
0.000000  0.999999  0.000000  0.000000  0.000000  0.000000  0.000000  0.000000
0.000000  0.999999  0.000000  0.000000  0.000000  0.000000  0.000000  0.000000
0.000000  0.999999  0.000000  0.000000  0.000000  0.000000  0.000000  0.000000
0.000000  0.999999  0.000000  0.000000  0.000000  0.000000  0.000000  0.000000
0.000000  0.999999  0.000000  0.000000  0.000000  0.000000  0.000000  0.000000
0.590540  0.000000  0.000000  0.000000  0.000000  0.000000  0.043823  0.365636
0.055664  0.944335  0.000000  0.000000  0.000000  0.000000  0.000000  0.000000
0.000183  0.337656  0.000000  0.000000  0.000000  0.000000  0.353536  0.308624
0.264193  0.580714  0.000000  0.000000  0.000000  0.155093  0.000000  0.000000
0.000000  0.000000  0.000000  0.602251  0.000000  0.000000  0.397748  0.000000
0.000000  0.000000  0.000000  0.599787  0.000000  0.000000  0.400212  0.000000
0.000000  0.000000  0.000000  0.600584  0.000000  0.000000  0.399415  0.000000
0.000000  0.000000  0.000000  0.737988  0.000000  0.000000  0.262011  0.000000
0.000000  0.000000  0.000000  0.600296  0.000000  0.000000  0.399704  0.000000
0.000000  0.000000  0.000000  0.600829  0.000000  0.000000  0.399171  0.000000
0.000000  0.000000  0.000000  0.600545  0.000000  0.000000  0.399455  0.000000
0.000000  0.000000  0.000000  0.599909  0.000000  0.000000  0.400090  0.000000
0.000002  0.000002  0.000002  0.000002  0.000002  0.999989  0.000002  0.000002
0.000000  0.000000  0.000000  0.474343  0.000000  0.000000  0.000000  0.525656
0.000000  0.914342  0.000000  0.000000  0.000000  0.000000  0.000000  0.085657
0.000000  0.000000  0.000000  0.000000  0.000000  0.000000  0.000000  0.999999
0.040913  0.000000  0.000000  0.000000  0.000000  0.000000  0.824533  0.134553
0.000000  0.719612  0.000000  0.000000  0.000000  0.119500  0.160888  0.000000
0.000015  0.000015  0.000015  0.000015  0.000015  0.000015  0.999894  0.000015
0.000000  0.524977  0.000000  0.000000  0.000000  0.000000  0.000000  0.475022
0.999999  0.000000  0.000000  0.000000  0.000000  0.000000  0.000000  0.000000
0.414433  0.585567  0.000000  0.000000  0.000000  0.000000  0.000000  0.000000
0.669298  0.330701  0.000000  0.000000  0.000000  0.000000  0.000000  0.000000
0.498900  0.501100  0.000000  0.000000  0.000000  0.000000  0.000000  0.000000
0.503093  0.496906  0.000000  0.000000  0.000000  0.000000  0.000000  0.000000
0.386499  0.000000  0.000000  0.000000  0.000000  0.000000  0.356224  0.257277
0.069096  0.277040  0.000000  0.114772  0.000000  0.000000  0.088209  0.450883
0.000000  0.767586  0.000000  0.000000  0.000000  0.000000  0.000000  0.232413
0.228691  0.513408  0.000000  0.220485  0.000000  0.037416  0.000000  0.000000
0.000000  0.897782  0.000000  0.000000  0.000000  0.000000  0.102217  0.000000
0.000002  0.000002  0.000002  0.999984  0.000002  0.000002  0.000002  0.000002
0.035508  0.000000  0.000000  0.924883  0.000000  0.039608  0.000000  0.000000
0.000000  0.000000  0.000000  0.826417  0.000000  0.000000  0.000000  0.173582
0.000000  0.999999  0.000000  0.000000  0.000000  0.000000  0.000000  0.000000
0.000000  0.999999  0.000000  0.000000  0.000000  0.000000  0.000000  0.000000
0.000000  0.999999  0.000000  0.000000  0.000000  0.000000  0.000000  0.000000
0.018945  0.981054  0.000000  0.000000  0.000000  0.000000  0.000000  0.000000
0.000000  0.999999  0.000000  0.000000  0.000000  0.000000  0.000000  0.000000
0.000000  0.955027  0.000000  0.000000  0.000000  0.000000  0.044972  0.000000
0.000000  0.999999  0.000000  0.000000  0.000000  0.000000  0.000000  0.000000
0.000000  0.999999  0.000000  0.000000  0.000000  0.000000  0.000000  0.000000
0.009887  0.990113  0.000000  0.000000  0.000000  0.000000  0.000000  0.000000
0.000000  0.999999  0.000000  0.000000  0.000000  0.000000  0.000000  0.000000
0.000000  0.999999  0.000000  0.000000  0.000000  0.000000  0.000000  0.000000
0.000000  0.999999  0.000000  0.000000  0.000000  0.000000  0.000000  0.000000
0.000000  0.999999  0.000000  0.000000  0.000000  0.000000  0.000000  0.000000
0.000003  0.000003  0.000003  0.999982  0.000003  0.000003  0.000003  0.000003
0.000006  0.999959  0.000006  0.000006  0.000006  0.000006  0.000006  0.000006
0.000000  0.999999  0.000000  0.000000  0.000000  0.000000  0.000000  0.000000
0.000000  0.000000  0.000000  0.828418  0.000000  0.000000  0.000000  0.171581
0.000000  0.832370  0.000000  0.000000  0.000000  0.000000  0.000000  0.167629
0.000000  0.999999  0.000000  0.000000  0.000000  0.000000  0.000000  0.000000
0.000000  0.897507  0.000000  0.000000  0.000000  0.000000  0.000000  0.102492
0.000000  0.609535  0.000000  0.000000  0.000000  0.000000  0.000000  0.390464
0.000000  0.874742  0.000000  0.125257  0.000000  0.000000  0.000000  0.000000
0.000000  0.243329  0.000000  0.624604  0.000000  0.000000  0.000000  0.132066
0.000000  0.000000  0.000000  0.933320  0.000000  0.000000  0.000000  0.066680
0.000000  0.000000  0.000000  0.795134  0.000000  0.000000  0.000000  0.204865
0.288809  0.119358  0.000000  0.000000  0.000000  0.371319  0.031934  0.188580
0.000000  0.000000  0.000000  0.999999  0.000000  0.000000  0.000000  0.000000
0.089784  0.646665  0.000000  0.000000  0.000000  0.000000  0.000000  0.263550
0.000000  0.000000  0.000000  0.935695  0.000000  0.000000  0.000000  0.064304
0.574461  0.425538  0.000000  0.000000  0.000000  0.000000  0.000000  0.000000
0.304017  0.695983  0.000000  0.000000  0.000000  0.000000  0.000000  0.000000
0.000000  0.999999  0.000000  0.000000  0.000000  0.000000  0.000000  0.000000
0.000000  0.999999  0.000000  0.000000  0.000000  0.000000  0.000000  0.000000
0.000000  0.999999  0.000000  0.000000  0.000000  0.000000  0.000000  0.000000
0.000000  0.999999  0.000000  0.000000  0.000000  0.000000  0.000000  0.000000
0.000000  0.999999  0.000000  0.000000  0.000000  0.000000  0.000000  0.000000
0.000000  0.999999  0.000000  0.000000  0.000000  0.000000  0.000000  0.000000
0.000000  0.999999  0.000000  0.000000  0.000000  0.000000  0.000000  0.000000
0.000000  0.999999  0.000000  0.000000  0.000000  0.000000  0.000000  0.000000
0.081401  0.293140  0.000001  0.000001  0.000001  0.000001  0.000001  0.625454
0.000000  0.999036  0.000000  0.000963  0.000000  0.000000  0.000000  0.000000
0.000000  0.863655  0.000000  0.000000  0.000000  0.000000  0.000000  0.136344
0.000000  0.807138  0.000000  0.000000  0.000000  0.000000  0.000000  0.192861
0.000000  0.797950  0.000000  0.000000  0.000000  0.000000  0.000000  0.202049
0.000000  0.999997  0.000000  0.000000  0.000000  0.000000  0.000000  0.000000
0.000000  0.839395  0.000000  0.000000  0.000000  0.000000  0.000000  0.160605
0.000000  0.000000  0.000000  0.837127  0.000000  0.000000  0.162873  0.000000
0.000000  0.692244  0.000000  0.307755  0.000000  0.000000  0.000000  0.000000
0.160305  0.839694  0.000000  0.000000  0.000000  0.000000  0.000000  0.000000
0.000000  0.638772  0.000000  0.000000  0.000000  0.161935  0.000000  0.199293
0.000000  0.730044  0.000000  0.000000  0.000000  0.077226  0.192729  0.000000
0.383707  0.169673  0.000000  0.270228  0.000000  0.000000  0.176392  0.000000
0.312257  0.568189  0.000000  0.000000  0.000000  0.000000  0.118597  0.000956
0.553038  0.000000  0.000000  0.171268  0.000000  0.000000  0.198572  0.077122
0.242163  0.757836  0.000000  0.000000  0.000000  0.000000  0.000000  0.000000
0.207938  0.792061  0.000000  0.000000  0.000000  0.000000  0.000000  0.000000
0.000000  0.876049  0.000000  0.000000  0.000000  0.071040  0.000000  0.052910
0.256978  0.200131  0.542890  0.000000  0.000000  0.000000  0.000000  0.000000
0.054470  0.655380  0.000000  0.000000  0.000000  0.000000  0.000000  0.290149
0.000000  0.999999  0.000000  0.000000  0.000000  0.000000  0.000000  0.000000
0.000000  0.999999  0.000000  0.000000  0.000000  0.000000  0.000000  0.000000
0.000000  0.999999  0.000000  0.000000  0.000000  0.000000  0.000000  0.000000
0.000000  0.999999  0.000000  0.000000  0.000000  0.000000  0.000000  0.000000
0.000000  0.999999  0.000000  0.000000  0.000000  0.000000  0.000000  0.000000
0.000000  0.999999  0.000000  0.000000  0.000000  0.000000  0.000000  0.000000
0.000000  0.999997  0.000000  0.000000  0.000000  0.000000  0.000000  0.000000
0.000000  0.999999  0.000000  0.000000  0.000000  0.000000  0.000000  0.000000
0.000000  0.999999  0.000000  0.000000  0.000000  0.000000  0.000000  0.000000
0.000000  0.999999  0.000000  0.000000  0.000000  0.000000  0.000000  0.000000
0.000000  0.999999  0.000000  0.000000  0.000000  0.000000  0.000000  0.000000
0.000000  0.999999  0.000000  0.000000  0.000000  0.000000  0.000000  0.000000
0.000000  0.999999  0.000000  0.000000  0.000000  0.000000  0.000000  0.000000
0.000001  0.999994  0.000001  0.000001  0.000001  0.000001  0.000001  0.000001
0.000000  0.999999  0.000000  0.000000  0.000000  0.000000  0.000000  0.000000
0.000000  0.999997  0.000000  0.000000  0.000000  0.000000  0.000000  0.000000
0.101456  0.898543  0.000000  0.000000  0.000000  0.000000  0.000000  0.000000
0.138661  0.206571  0.000000  0.000000  0.000000  0.000000  0.000000  0.654768
0.000000  0.000000  0.000000  0.000000  0.999999  0.000000  0.000000  0.000000
0.000001  0.000001  0.000001  0.999995  0.000001  0.000001  0.000001  0.000001
0.999999  0.000000  0.000000  0.000000  0.000000  0.000000  0.000000  0.000000
0.000000  0.999999  0.000000  0.000000  0.000000  0.000000  0.000000  0.000000
0.000000  0.785995  0.000000  0.000000  0.000000  0.000000  0.000000  0.214004
0.000000  0.000000  0.000000  0.000000  0.000000  0.000000  0.999999  0.000000
0.442497  0.113105  0.000000  0.000000  0.000000  0.301324  0.143073  0.000000
0.000002  0.473295  0.000002  0.000002  0.000002  0.000002  0.526693  0.000002
0.498364  0.000000  0.000000  0.477044  0.000000  0.000000  0.000000  0.024592
0.000000  0.831468  0.000000  0.000000  0.000000  0.000000  0.000000  0.168531
0.000000  0.999999  0.000000  0.000000  0.000000  0.000000  0.000000  0.000000
0.000000  0.999999  0.000000  0.000000  0.000000  0.000000  0.000000  0.000000
0.000000  0.000000  0.000000  0.999999  0.000000  0.000000  0.000000  0.000000
0.000001  0.000001  0.000001  0.571940  0.000001  0.000001  0.428052  0.000001
0.000000  0.732304  0.000000  0.000000  0.000000  0.000000  0.000000  0.267695
0.581552  0.418447  0.000000  0.000000  0.000000  0.000000  0.000000  0.000000
0.000000  0.999999  0.000000  0.000000  0.000000  0.000000  0.000000  0.000000
0.415667  0.571282  0.000000  0.000000  0.000000  0.000000  0.000000  0.013050
0.203749  0.623184  0.000000  0.173067  0.000000  0.000000  0.000000  0.000000
0.000000  0.787202  0.000000  0.000000  0.000000  0.000000  0.000000  0.212798
0.048621  0.000000  0.000000  0.527671  0.000000  0.000000  0.000000  0.423707
0.039663  0.720794  0.000000  0.000000  0.000000  0.000000  0.000000  0.239543
0.000000  0.894694  0.000000  0.000000  0.000000  0.000000  0.000000  0.105305
0.000000  0.391465  0.000000  0.000000  0.000000  0.608535  0.000000  0.000000
0.197031  0.209799  0.000000  0.000000  0.000000  0.593169  0.000000  0.000000
0.473982  0.000000  0.000000  0.000000  0.000000  0.460640  0.000000  0.065378
0.000016  0.000016  0.000016  0.000016  0.000016  0.999887  0.000016  0.000016
0.999999  0.000000  0.000000  0.000000  0.000000  0.000000  0.000000  0.000000
0.000000  0.999999  0.000000  0.000000  0.000000  0.000000  0.000000  0.000000
0.000000  0.999999  0.000000  0.000000  0.000000  0.000000  0.000000  0.000000
0.000000  0.950003  0.000000  0.000000  0.000000  0.000000  0.049996  0.000000
0.000000  0.999999  0.000000  0.000000  0.000000  0.000000  0.000000  0.000000
0.000000  0.999999  0.000000  0.000000  0.000000  0.000000  0.000000  0.000000
0.000000  0.999999  0.000000  0.000000  0.000000  0.000000  0.000000  0.000000
0.000000  0.999999  0.000000  0.000000  0.000000  0.000000  0.000000  0.000000
0.000000  0.968311  0.000000  0.000000  0.000000  0.000000  0.000000  0.031688
0.000000  0.957168  0.000000  0.000000  0.000000  0.000000  0.042831  0.000000
0.000000  0.999999  0.000000  0.000000  0.000000  0.000000  0.000000  0.000000
0.000001  0.999991  0.000001  0.000001  0.000001  0.000001  0.000001  0.000001
0.000000  0.999999  0.000000  0.000000  0.000000  0.000000  0.000000  0.000000
0.999999  0.000000  0.000000  0.000000  0.000000  0.000000  0.000000  0.000000
0.538498  0.000000  0.000000  0.185245  0.000000  0.000000  0.000000  0.276257
0.365430  0.000000  0.000000  0.634570  0.000000  0.000000  0.000000  0.000000
0.177122  0.419457  0.000000  0.384391  0.000000  0.000000  0.019030  0.000000
0.000004  0.000004  0.000004  0.000004  0.000004  0.000004  0.999973  0.000004
0.067803  0.424424  0.000000  0.329968  0.000000  0.108390  0.000000  0.069414
0.000000  0.853141  0.000000  0.000000  0.000000  0.000000  0.000000  0.146859
0.119003  0.637925  0.000000  0.243072  0.000000  0.000000  0.000000  0.000000
0.000000  0.999999  0.000000  0.000000  0.000000  0.000000  0.000000  0.000000
0.000000  0.999999  0.000000  0.000000  0.000000  0.000000  0.000000  0.000000
0.083030  0.666874  0.000000  0.109604  0.000000  0.000000  0.000000  0.140492
0.000000  0.958332  0.000000  0.000000  0.000000  0.041667  0.000000  0.000000
0.000000  0.999999  0.000000  0.000000  0.000000  0.000000  0.000000  0.000000
0.000000  0.999999  0.000000  0.000000  0.000000  0.000000  0.000000  0.000000
0.999999  0.000000  0.000000  0.000000  0.000000  0.000000  0.000000  0.000000
0.195306  0.286459  0.174365  0.000000  0.000000  0.000000  0.104485  0.239384
0.130566  0.324852  0.317230  0.000000  0.000000  0.000000  0.227351  0.000000
0.143010  0.000000  0.477878  0.000000  0.000000  0.171322  0.207789  0.000000
0.118315  0.102962  0.463211  0.000000  0.000000  0.085051  0.230460  0.000000
0.100310  0.271962  0.272428  0.000000  0.000000  0.084586  0.179009  0.091705
0.149767  0.000000  0.516075  0.000000  0.000000  0.000000  0.334156  0.000000
0.047621  0.320848  0.345668  0.277143  0.000000  0.000000  0.000000  0.008719
0.140375  0.000000  0.573130  0.000000  0.000000  0.000000  0.286494  0.000000
0.111037  0.424407  0.290768  0.000000  0.000000  0.000000  0.173788  0.000000
0.140003  0.000000  0.573092  0.000000  0.000000  0.000000  0.286904  0.000000
0.199526  0.293542  0.379462  0.000000  0.000000  0.000000  0.127470  0.000000
0.188313  0.252780  0.311444  0.000000  0.000000  0.110605  0.136857  0.000000
0.142691  0.068633  0.531790  0.000000  0.000000  0.000000  0.256886  0.000000
0.058810  0.294731  0.350084  0.000000  0.000000  0.000000  0.296375  0.000000
0.096156  0.000000  0.693739  0.000000  0.000000  0.000000  0.210104  0.000000
0.079352  0.251556  0.408345  0.000000  0.000000  0.000000  0.260747  0.000000
0.100059  0.341864  0.319294  0.000000  0.054344  0.000000  0.184438  0.000000
0.202647  0.357623  0.000000  0.000000  0.000000  0.000000  0.000000  0.439729
0.386868  0.103842  0.000000  0.000000  0.000000  0.000000  0.134535  0.374754
0.347567  0.478019  0.000000  0.000000  0.000000  0.000000  0.174413  0.000000
0.017284  0.982658  0.000010  0.000010  0.000010  0.000010  0.000010  0.000010
0.999999  0.000000  0.000000  0.000000  0.000000  0.000000  0.000000  0.000000
0.000010  0.000010  0.000010  0.000010  0.000010  0.000010  0.999930  0.000010
0.000000  0.583070  0.000000  0.231824  0.000000  0.000000  0.000000  0.185105
0.000000  0.000000  0.000000  0.000000  0.999999  0.000000  0.000000  0.000000
0.000000  0.000000  0.000000  0.000000  0.999999  0.000000  0.000000  0.000000
0.000000  0.000000  0.000000  0.000000  0.999999  0.000000  0.000000  0.000000
0.000000  0.000000  0.000000  0.000000  0.000000  0.999999  0.000000  0.000000
0.000000  0.133168  0.000000  0.000000  0.000000  0.000000  0.864804  0.002027
0.007056  0.560145  0.000000  0.170824  0.000000  0.000000  0.030369  0.231605
0.999999  0.000000  0.000000  0.000000  0.000000  0.000000  0.000000  0.000000
0.999999  0.000000  0.000000  0.000000  0.000000  0.000000  0.000000  0.000000
0.043082  0.931671  0.000000  0.000000  0.000000  0.000000  0.000000  0.025246
0.000003  0.000003  0.000003  0.999978  0.000003  0.000003  0.000003  0.000003
0.710129  0.000000  0.000000  0.000000  0.289871  0.000000  0.000000  0.000000
0.000000  0.638044  0.000000  0.000000  0.000000  0.000000  0.000000  0.361956
0.000000  0.877846  0.000000  0.000000  0.000000  0.000000  0.000000  0.122153
0.000000  0.766180  0.000000  0.000000  0.000000  0.000000  0.000000  0.233820
0.172472  0.368836  0.001579  0.408433  0.000000  0.000000  0.048681  0.000000
0.016669  0.789684  0.000000  0.193646  0.000000  0.000000  0.000000  0.000000
0.000000  0.900270  0.000000  0.099730  0.000000  0.000000  0.000000  0.000000
0.138318  0.000000  0.000000  0.861682  0.000000  0.000000  0.000000  0.000000
0.535269  0.000000  0.000000  0.000000  0.000000  0.407257  0.000000  0.057474
0.406312  0.112085  0.000000  0.481603  0.000000  0.000000  0.000000  0.000000
0.431213  0.313126  0.000000  0.255660  0.000000  0.000000  0.000000  0.000000
0.420292  0.579707  0.000000  0.000000  0.000000  0.000000  0.000000  0.000000
0.413473  0.000000  0.000000  0.000000  0.000000  0.545237  0.041289  0.000000
0.371242  0.628758  0.000000  0.000000  0.000000  0.000000  0.000000  0.000000
0.071155  0.000000  0.000000  0.476444  0.000000  0.000000  0.000000  0.452400
0.000000  0.661146  0.000000  0.000000  0.000000  0.000000  0.000000  0.338852
0.143544  0.622539  0.000000  0.233917  0.000000  0.000000  0.000000  0.000000
0.061567  0.938432  0.000000  0.000000  0.000000  0.000000  0.000000  0.000000
0.000000  0.000000  0.000000  0.999999  0.000000  0.000000  0.000000  0.000000
0.000000  0.991717  0.000000  0.000000  0.000000  0.008282  0.000000  0.000000
0.000000  0.999999  0.000000  0.000000  0.000000  0.000000  0.000000  0.000000
