0.123987  0.833809  0.000000  0.000000  0.042204
0.000000  0.999999  0.000000  0.000000  0.000000
0.000004  0.000004  0.000004  0.000004  0.999986
0.000000  0.242103  0.000000  0.194126  0.563771
0.064874  0.935125  0.000000  0.000000  0.000000
0.409421  0.489839  0.000000  0.066089  0.034650
0.047691  0.952309  0.000000  0.000000  0.000000
0.584827  0.415172  0.000000  0.000000  0.000000
0.163372  0.836627  0.000000  0.000000  0.000000
0.633397  0.000000  0.000000  0.194904  0.171699
0.114218  0.885781  0.000000  0.000000  0.000000
0.620133  0.379866  0.000000  0.000000  0.000000
0.553397  0.446602  0.000000  0.000000  0.000000
0.000000  0.999999  0.000000  0.000000  0.000000
0.089929  0.910071  0.000000  0.000000  0.000000
0.000000  0.999999  0.000000  0.000000  0.000000
0.000000  0.999999  0.000000  0.000000  0.000000
0.000000  0.999999  0.000000  0.000000  0.000000
0.000000  0.999999  0.000000  0.000000  0.000000
0.000000  0.000000  0.000000  0.999999  0.000000
0.000000  0.000000  0.000000  0.999999  0.000000
0.000000  0.000000  0.000000  0.999999  0.000000
0.000000  0.000000  0.000000  0.999999  0.000000
0.379490  0.210245  0.000000  0.209432  0.200833
0.697625  0.000000  0.000000  0.178986  0.123388
0.417136  0.405434  0.000000  0.044140  0.133289
0.741176  0.258823  0.000000  0.000000  0.000000
0.003638  0.996361  0.000000  0.000000  0.000000
0.682160  0.317839  0.000000  0.000000  0.000000
0.315422  0.684578  0.000000  0.000000  0.000000
0.293939  0.706060  0.000000  0.000000  0.000000
0.506422  0.250436  0.000000  0.160241  0.082901
0.000000  0.999999  0.000000  0.000000  0.000000
0.000000  0.542227  0.000000  0.457772  0.000000
0.884721  0.115278  0.000000  0.000000  0.000000
0.903086  0.096913  0.000000  0.000000  0.000000
0.884589  0.115411  0.000000  0.000000  0.000000
0.000000  0.000000  0.611616  0.079492  0.308892
0.053700  0.304906  0.641394  0.000000  0.000000
0.000000  0.000000  0.999999  0.000000  0.000000
0.000000  0.999999  0.000000  0.000000  0.000000
0.000000  0.000000  0.999999  0.000000  0.000000
0.000000  0.000000  0.999999  0.000000  0.000000
0.000000  0.881107  0.000000  0.067276  0.051617
0.646067  0.353932  0.000000  0.000000  0.000000
0.221716  0.687517  0.000000  0.090748  0.000019
0.313521  0.576741  0.000000  0.109738  0.000000
0.000000  0.379352  0.000000  0.564836  0.055812
0.000000  0.999999  0.000000  0.000000  0.000000
0.000000  0.148750  0.000000  0.428369  0.422880
0.000000  0.980693  0.000000  0.019306  0.000000
0.129180  0.870819  0.000000  0.000000  0.000000
0.702582  0.000000  0.000000  0.162256  0.135162
0.000000  0.287821  0.000000  0.142386  0.569792
0.000000  0.196397  0.000000  0.000000  0.803603
0.200242  0.078721  0.000000  0.229862  0.491174
0.000000  0.000000  0.000000  0.000000  0.999999
0.000000  0.000000  0.000000  0.077493  0.922506
0.000000  0.209043  0.000000  0.146232  0.644725
0.000000  0.095230  0.000000  0.000000  0.904769
0.537078  0.000000  0.000000  0.367037  0.095885
0.000002  0.735440  0.000002  0.000002  0.264555
0.000000  0.891447  0.000000  0.000000  0.108553
0.415992  0.254138  0.000000  0.254501  0.075369
0.000000  0.999999  0.000000  0.000000  0.000000
0.000000  0.999999  0.000000  0.000000  0.000000
0.000000  0.999999  0.000000  0.000000  0.000000
0.000000  0.000000  0.000000  0.999999  0.000000
0.000000  0.000000  0.000000  0.999999  0.000000
0.321395  0.542966  0.000000  0.102359  0.033279
0.000000  0.719278  0.000000  0.280722  0.000000
0.002546  0.344857  0.000000  0.652597  0.000000
0.000000  0.000000  0.000000  0.999999  0.000000
0.000000  0.000000  0.000000  0.999999  0.000000
0.038681  0.000000  0.000000  0.961318  0.000000
0.000000  0.000000  0.000000  0.999999  0.000000
0.000000  0.000000  0.000000  0.999999  0.000000
0.000000  0.000000  0.000000  0.999999  0.000000
0.000000  0.000000  0.000000  0.999999  0.000000
0.376158  0.248870  0.000000  0.374971  0.000000
0.999980  0.000005  0.000005  0.000005  0.000005
0.000000  0.000000  0.081893  0.867219  0.050888
0.000000  0.999999  0.000000  0.000000  0.000000
0.000000  0.000000  0.032220  0.112609  0.855171
0.000000  0.999999  0.000000  0.000000  0.000000
0.174268  0.126101  0.000000  0.094897  0.604734
0.321767  0.678232  0.000000  0.000000  0.000000
0.945048  0.000000  0.000000  0.054951  0.000000
0.760337  0.239662  0.000000  0.000000  0.000000
0.000000  0.960075  0.000000  0.039925  0.000000
0.000000  0.953417  0.000000  0.000000  0.046582
0.437401  0.562599  0.000000  0.000000  0.000000
0.878651  0.121347  0.000001  0.000001  0.000001
0.375235  0.585535  0.000000  0.000000  0.039230
0.269299  0.730700  0.000000  0.000000  0.000000
0.221618  0.778382  0.000000  0.000000  0.000000
0.346005  0.653995  0.000000  0.000000  0.000000
0.252270  0.747730  0.000000  0.000000  0.000000
0.363747  0.636253  0.000000  0.000000  0.000000
0.269292  0.730707  0.000000  0.000000  0.000000
0.665254  0.334746  0.000000  0.000000  0.000000
0.409306  0.590693  0.000000  0.000000  0.000000
0.069897  0.930102  0.000000  0.000000  0.000000
0.777868  0.155317  0.000000  0.000000  0.066814
0.999999  0.000000  0.000000  0.000000  0.000000
0.736524  0.263475  0.000000  0.000000  0.000000
0.123661  0.815867  0.000000  0.000000  0.060471
0.187255  0.736793  0.000000  0.000000  0.075952
0.269713  0.526371  0.000000  0.203915  0.000000
0.268643  0.527597  0.000000  0.203759  0.000000
0.510290  0.262739  0.000000  0.226970  0.000000
0.536810  0.463190  0.000000  0.000000  0.000000
0.000000  0.859023  0.000000  0.078639  0.062337
0.999999  0.000000  0.000000  0.000000  0.000000
0.000006  0.999978  0.000006  0.000006  0.000006
0.000002  0.835076  0.000002  0.164918  0.000002
0.000000  0.787953  0.000000  0.000000  0.212047
0.658885  0.000000  0.000000  0.000000  0.341115
0.000000  0.000000  0.000000  0.000000  0.999999
0.091131  0.587062  0.000000  0.000000  0.321807
0.440577  0.374545  0.000000  0.184877  0.000000
0.000000  0.000000  0.000000  0.000000  0.999999
0.000000  0.000000  0.000000  0.000000  0.999999
0.482534  0.420989  0.000000  0.096477  0.000000
0.672848  0.220662  0.000000  0.000000  0.106490
0.567602  0.000000  0.000000  0.346717  0.085681
0.234387  0.462160  0.000000  0.074930  0.228522
0.200937  0.799062  0.000000  0.000000  0.000000
0.792005  0.000000  0.000000  0.207995  0.000000
0.216395  0.721568  0.000000  0.034742  0.027295
0.182458  0.233668  0.000000  0.094438  0.489436
0.304846  0.389834  0.000000  0.000000  0.305319
0.552839  0.342275  0.000000  0.000000  0.104885
0.687742  0.087691  0.000000  0.224566  0.000000
0.372824  0.501031  0.000000  0.000000  0.126144
0.000000  0.853255  0.000000  0.146744  0.000000
0.132276  0.867715  0.000003  0.000003  0.000003
0.617957  0.363063  0.000000  0.018979  0.000000
0.550896  0.261116  0.000000  0.000000  0.187988
0.000000  0.999999  0.000000  0.000000  0.000000
0.189983  0.810017  0.000000  0.000000  0.000000
0.544433  0.455567  0.000000  0.000000  0.000000
0.000000  0.290392  0.000000  0.709607  0.000000
0.057907  0.142428  0.000000  0.799665  0.000000
0.000000  0.999999  0.000000  0.000000  0.000000
0.000000  0.999999  0.000000  0.000000  0.000000
0.000000  0.000000  0.000000  0.999999  0.000000
0.623567  0.004736  0.000000  0.371696  0.000000
0.000000  0.999999  0.000000  0.000000  0.000000
0.000000  0.999999  0.000000  0.000000  0.000000
0.000000  0.795608  0.000000  0.204391  0.000000
0.000000  0.587621  0.412378  0.000000  0.000000
0.000000  0.000000  0.000000  0.999999  0.000000
0.000000  0.999999  0.000000  0.000000  0.000000
0.586294  0.000000  0.000000  0.413706  0.000000
0.177641  0.822359  0.000000  0.000000  0.000000
0.606697  0.393303  0.000000  0.000000  0.000000
0.000000  0.999999  0.000000  0.000000  0.000000
0.342135  0.490054  0.000000  0.063255  0.104555
0.211777  0.000000  0.000000  0.125348  0.662874
0.000000  0.000000  0.000000  0.999999  0.000000
0.000000  0.000000  0.000000  0.999999  0.000000
0.000000  0.000000  0.999999  0.000000  0.000000
0.000000  0.959742  0.000000  0.036607  0.003651
0.198726  0.801273  0.000000  0.000000  0.000000
0.665629  0.182757  0.000000  0.017331  0.134283
0.000000  0.840711  0.000000  0.057472  0.101817
0.000000  0.821039  0.000000  0.095052  0.083908
0.593486  0.262471  0.000000  0.000000  0.144043
0.000007  0.000007  0.000007  0.999973  0.000007
0.463038  0.536961  0.000000  0.000000  0.000000
0.000004  0.000004  0.000004  0.000004  0.999982
0.000011  0.000011  0.000011  0.000011  0.999957
0.076829  0.849333  0.000000  0.000000  0.073838
0.649775  0.256482  0.000000  0.093742  0.000000
0.999999  0.000000  0.000000  0.000000  0.000000
0.370023  0.310232  0.000000  0.319745  0.000000
0.000001  0.973600  0.000001  0.026399  0.000001
0.201385  0.700714  0.000000  0.000000  0.097901
0.000000  0.675580  0.000000  0.065293  0.259127
0.268688  0.731312  0.000000  0.000000  0.000000
0.000000  0.999999  0.000000  0.000000  0.000000
0.117925  0.882075  0.000000  0.000000  0.000000
0.000000  0.927536  0.000000  0.072463  0.000000
0.000000  0.660074  0.000000  0.339925  0.000000
0.729637  0.000000  0.000000  0.194645  0.075717
0.000003  0.393495  0.000003  0.606498  0.000003
0.346036  0.622467  0.000000  0.031497  0.000000
0.279585  0.689053  0.000000  0.031362  0.000000
0.174196  0.127657  0.000000  0.094359  0.603787
0.884030  0.000000  0.000000  0.108224  0.007746
0.000000  0.587796  0.412204  0.000000  0.000000
0.000000  0.622470  0.377529  0.000000  0.000000
0.000000  0.620532  0.379468  0.000000  0.000000
0.011542  0.407955  0.580503  0.000000  0.000000
0.012623  0.406506  0.580871  0.000000  0.000000
0.216810  0.343300  0.439890  0.000000  0.000000
0.216960  0.343229  0.439810  0.000000  0.000000
0.222521  0.239423  0.538055  0.000000  0.000000
0.074332  0.419326  0.506342  0.000000  0.000000
0.224298  0.237966  0.537735  0.000000  0.000000
0.000000  0.672569  0.327431  0.000000  0.000000
0.000000  0.563269  0.436731  0.000000  0.000000
0.000000  0.563145  0.436854  0.000000  0.000000
0.545118  0.000005  0.454868  0.000005  0.000005
0.075590  0.418201  0.506208  0.000000  0.000000
0.744310  0.000000  0.000000  0.255689  0.000000
0.189958  0.204933  0.000000  0.182806  0.422302
0.000000  0.848743  0.000000  0.062531  0.088725
0.000039  0.999845  0.000038  0.000039  0.000039
0.108209  0.891790  0.000000  0.000000  0.000000
0.469063  0.512253  0.000000  0.018684  0.000000
0.000000  0.999999  0.000000  0.000000  0.000000
0.999913  0.000022  0.000022  0.000022  0.000022
0.000000  0.000000  0.000000  0.841229  0.158770
0.463626  0.512979  0.000000  0.023395  0.000000
0.126321  0.873678  0.000000  0.000000  0.000000
0.338347  0.642968  0.000000  0.018685  0.000000
0.000000  0.999999  0.000000  0.000000  0.000000
0.464013  0.535987  0.000000  0.000000  0.000000
0.249371  0.563584  0.000000  0.061332  0.125713
0.118944  0.083285  0.000000  0.797771  0.000000
0.000000  0.415661  0.000000  0.584338  0.000000
0.665521  0.049408  0.000000  0.285070  0.000000
0.117271  0.799214  0.000000  0.083514  0.000000
0.876225  0.000000  0.000000  0.123775  0.000000
0.168166  0.559338  0.000000  0.272495  0.000000
0.174701  0.825298  0.000000  0.000000  0.000000
0.111316  0.056392  0.000000  0.541380  0.290911
0.118281  0.778633  0.000000  0.103086  0.000000
0.279068  0.170300  0.000000  0.522455  0.028177
0.110223  0.889776  0.000000  0.000000  0.000000
0.150363  0.849636  0.000000  0.000000  0.000000
0.370063  0.226665  0.000000  0.403272  0.000000
0.182549  0.817450  0.000000  0.000000  0.000000
0.340531  0.659469  0.000000  0.000000  0.000000
0.000000  0.966260  0.033740  0.000000  0.000000
0.000001  0.999995  0.000001  0.000001  0.000001
0.312789  0.000000  0.000000  0.357785  0.329425
0.000000  0.849402  0.000000  0.062455  0.088142
0.000000  0.196029  0.000000  0.000000  0.803970
0.000000  0.280518  0.000000  0.228151  0.491330
0.000000  0.999999  0.000000  0.000000  0.000000
0.095979  0.904021  0.000000  0.000000  0.000000
0.018054  0.981946  0.000000  0.000000  0.000000
0.000624  0.999375  0.000000  0.000000  0.000000
0.190874  0.809125  0.000000  0.000000  0.000000
0.000000  0.999999  0.000000  0.000000  0.000000
0.017041  0.982958  0.000000  0.000000  0.000000
0.197263  0.802736  0.000000  0.000000  0.000000
0.097522  0.874275  0.000000  0.028203  0.000000
0.000000  0.999999  0.000000  0.000000  0.000000
0.999999  0.000000  0.000000  0.000000  0.000000
0.532605  0.000000  0.000000  0.467395  0.000000
0.389630  0.610369  0.000000  0.000000  0.000000
0.552197  0.447802  0.000000  0.000000  0.000000
0.000039  0.999843  0.000039  0.000039  0.000039
0.000000  0.093234  0.000000  0.042783  0.863983
0.000027  0.000027  0.000027  0.999891  0.000027
0.189941  0.730390  0.000000  0.079668  0.000000
0.000000  0.993636  0.000000  0.006362  0.000000
0.000000  0.999999  0.000000  0.000000  0.000000
0.173686  0.826313  0.000000  0.000000  0.000000
0.308142  0.691857  0.000000  0.000000  0.000000
0.436561  0.000000  0.000000  0.000000  0.563438
0.437998  0.000000  0.000000  0.000000  0.562002
0.000000  0.999999  0.000000  0.000000  0.000000
0.559987  0.000000  0.000000  0.213245  0.226768
0.000001  0.999995  0.000001  0.000001  0.000001
0.000000  0.000000  0.000000  0.000000  0.999999
0.000009  0.000009  0.000009  0.999963  0.000009
0.000000  0.999999  0.000000  0.000000  0.000000
0.114666  0.247046  0.000000  0.279965  0.358323
0.000234  0.474130  0.000000  0.000000  0.525636
0.999978  0.000006  0.000005  0.000005  0.000005
0.224676  0.749711  0.000000  0.025612  0.000000
0.000000  0.523438  0.000000  0.476562  0.000000
0.000000  0.999999  0.000000  0.000000  0.000000
0.000000  0.999999  0.000000  0.000000  0.000000
0.000000  0.999999  0.000000  0.000000  0.000000
0.000000  0.999999  0.000000  0.000000  0.000000
0.000000  0.999999  0.000000  0.000000  0.000000
0.000000  0.999999  0.000000  0.000000  0.000000
0.000000  0.999999  0.000000  0.000000  0.000000
0.000000  0.999999  0.000000  0.000000  0.000000
0.000000  0.999999  0.000000  0.000000  0.000000
0.378071  0.000000  0.000000  0.591180  0.030748
0.000000  0.944721  0.000000  0.055279  0.000000
0.247619  0.383497  0.000000  0.052848  0.316036
0.000000  0.540113  0.000000  0.234492  0.225395
0.703968  0.000000  0.000000  0.000000  0.296031
0.702388  0.000000  0.000000  0.000000  0.297611
0.702929  0.000000  0.000000  0.000000  0.297071
0.814955  0.000000  0.000000  0.000000  0.185044
0.702975  0.000000  0.000000  0.000000  0.297025
0.703155  0.000000  0.000000  0.000000  0.296844
0.703006  0.000000  0.000000  0.000000  0.296993
0.702580  0.000000  0.000000  0.000000  0.297419
0.000003  0.743932  0.000003  0.000003  0.256060
0.999999  0.000000  0.000000  0.000000  0.000000
0.113222  0.886777  0.000000  0.000000  0.000000
0.999999  0.000000  0.000000  0.000000  0.000000
0.000000  0.000000  0.000000  0.000000  0.999999
0.000000  0.710428  0.000000  0.000000  0.289571
0.000025  0.000025  0.000025  0.000025  0.999901
0.306233  0.610764  0.000000  0.032916  0.050087
0.000000  0.000000  0.000000  0.999999  0.000000
0.000000  0.586494  0.000000  0.413506  0.000000
0.000000  0.334646  0.000000  0.665353  0.000000
0.000000  0.500713  0.000000  0.499286  0.000000
0.000000  0.496588  0.000000  0.503412  0.000000
0.000000  0.000000  0.000000  0.410206  0.589794
0.493826  0.295777  0.000000  0.083811  0.126585
0.241593  0.734149  0.000000  0.024257  0.000000
0.063856  0.653620  0.000000  0.229060  0.053463
0.000000  0.909105  0.000000  0.000000  0.090894
0.999985  0.000004  0.000004  0.000004  0.000004
0.202905  0.683753  0.000000  0.054662  0.058680
0.519608  0.480391  0.000000  0.000000  0.000000
0.000000  0.999999  0.000000  0.000000  0.000000
0.000000  0.999999  0.000000  0.000000  0.000000
0.000000  0.999999  0.000000  0.000000  0.000000
0.000000  0.981234  0.000000  0.018765  0.000000
0.000000  0.990460  0.000000  0.000000  0.009539
0.000000  0.955011  0.000000  0.000000  0.044988
0.000000  0.999999  0.000000  0.000000  0.000000
0.000000  0.999999  0.000000  0.000000  0.000000
0.000000  0.999999  0.000000  0.000000  0.000000
0.000000  0.999999  0.000000  0.000000  0.000000
0.000000  0.999999  0.000000  0.000000  0.000000
0.000000  0.999999  0.000000  0.000000  0.000000
0.000000  0.999999  0.000000  0.000000  0.000000
0.999983  0.000004  0.000004  0.000004  0.000004
0.000010  0.999962  0.000009  0.000009  0.000009
0.000000  0.999999  0.000000  0.000000  0.000000
0.517503  0.482496  0.000000  0.000000  0.000000
0.216596  0.783404  0.000000  0.000000  0.000000
0.000000  0.999999  0.000000  0.000000  0.000000
0.133615  0.866385  0.000000  0.000000  0.000000
0.548077  0.451922  0.000000  0.000000  0.000000
0.000000  0.999999  0.000000  0.000000  0.000000
0.540285  0.428556  0.000000  0.031159  0.000000
0.648523  0.351477  0.000000  0.000000  0.000000
0.999951  0.000048  0.000000  0.000000  0.000000
0.000000  0.248386  0.000000  0.253076  0.498538
0.999999  0.000000  0.000000  0.000000  0.000000
0.502779  0.439505  0.000000  0.057715  0.000000
0.558949  0.441050  0.000000  0.000000  0.000000
0.000000  0.423919  0.000000  0.576081  0.000000
0.000000  0.697680  0.000000  0.302320  0.000000
0.000000  0.999999  0.000000  0.000000  0.000000
0.000000  0.999999  0.000000  0.000000  0.000000
0.000000  0.999999  0.000000  0.000000  0.000000
0.000000  0.999999  0.000000  0.000000  0.000000
0.000000  0.999999  0.000000  0.000000  0.000000
0.000000  0.999999  0.000000  0.000000  0.000000
0.000000  0.999999  0.000000  0.000000  0.000000
0.000000  0.999999  0.000000  0.000000  0.000000
0.000002  0.393339  0.000002  0.000002  0.606657
0.000000  0.999999  0.000000  0.000000  0.000000
0.187970  0.812030  0.000000  0.000000  0.000000
0.289676  0.710323  0.000000  0.000000  0.000000
0.276114  0.723885  0.000000  0.000000  0.000000
0.000001  0.999997  0.000001  0.000001  0.000001
0.249427  0.750573  0.000000  0.000000  0.000000
0.755313  0.124690  0.000000  0.000000  0.119997
0.143903  0.856096  0.000000  0.000000  0.000000
0.000000  0.840322  0.000000  0.159678  0.000000
0.000000  0.738711  0.000000  0.031268  0.230021
0.000000  0.729403  0.000000  0.000000  0.270597
0.228664  0.271645  0.000000  0.405399  0.094292
0.153788  0.449292  0.000000  0.296102  0.100818
0.327252  0.000000  0.000000  0.565043  0.107705
0.000000  0.758838  0.000000  0.241161  0.000000
0.000000  0.792716  0.000000  0.207283  0.000000
0.000000  0.893786  0.000000  0.000000  0.106214
0.000000  0.222580  0.463518  0.275186  0.038716
0.207299  0.703704  0.000000  0.088996  0.000000
0.000000  0.999999  0.000000  0.000000  0.000000
0.000000  0.999999  0.000000  0.000000  0.000000
0.000000  0.999999  0.000000  0.000000  0.000000
0.000000  0.999999  0.000000  0.000000  0.000000
0.000000  0.999999  0.000000  0.000000  0.000000
0.000000  0.999999  0.000000  0.000000  0.000000
0.000001  0.999997  0.000001  0.000001  0.000001
0.000000  0.999999  0.000000  0.000000  0.000000
0.000000  0.999999  0.000000  0.000000  0.000000
0.000000  0.999999  0.000000  0.000000  0.000000
0.000000  0.999999  0.000000  0.000000  0.000000
0.000000  0.999999  0.000000  0.000000  0.000000
0.000000  0.999999  0.000000  0.000000  0.000000
0.000002  0.999994  0.000001  0.000001  0.000002
0.000000  0.999999  0.000000  0.000000  0.000000
0.000001  0.999997  0.000001  0.000001  0.000001
0.000000  0.899028  0.000000  0.100972  0.000000
0.788770  0.042450  0.000000  0.168779  0.000000
0.000000  0.000000  0.999999  0.000000  0.000000
0.999995  0.000001  0.000001  0.000001  0.000001
0.000000  0.000000  0.000000  0.999999  0.000000
0.000000  0.999999  0.000000  0.000000  0.000000
0.268406  0.731594  0.000000  0.000000  0.000000
0.000000  0.000000  0.000000  0.000000  0.999999
0.000000  0.172100  0.000000  0.407422  0.420478
0.099107  0.397644  0.000003  0.000003  0.503242
0.503088  0.008908  0.000000  0.488003  0.000000
0.171300  0.810465  0.000000  0.000000  0.018234
0.000000  0.999999  0.000000  0.000000  0.000000
0.000000  0.999999  0.000000  0.000000  0.000000
0.800043  0.199957  0.000000  0.000000  0.000000
0.814308  0.000002  0.000002  0.000002  0.185685
0.346026  0.653973  0.000000  0.000000  0.000000
0.047414  0.375480  0.000000  0.577105  0.000000
0.000000  0.999999  0.000000  0.000000  0.000000
0.217849  0.389321  0.000000  0.392830  0.000000
0.076232  0.715636  0.000000  0.208132  0.000000
0.313004  0.686996  0.000000  0.000000  0.000000
0.641340  0.276411  0.000000  0.082249  0.000000
0.237684  0.708154  0.000000  0.054161  0.000000
0.177367  0.822633  0.000000  0.000000  0.000000
0.000000  0.408793  0.000000  0.000000  0.591206
0.000000  0.303054  0.000000  0.213428  0.483518
0.000000  0.000000  0.000000  0.426498  0.573501
0.000026  0.000026  0.216820  0.000026  0.783101
0.000000  0.000000  0.000000  0.999999  0.000000
0.000000  0.999999  0.000000  0.000000  0.000000
0.000000  0.999999  0.000000  0.000000  0.000000
0.000000  0.953697  0.000000  0.000000  0.046303
0.000000  0.999999  0.000000  0.000000  0.000000
0.000000  0.999999  0.000000  0.000000  0.000000
0.000000  0.999999  0.000000  0.000000  0.000000
0.000000  0.999999  0.000000  0.000000  0.000000
0.040199  0.959800  0.000000  0.000000  0.000000
0.000000  0.956976  0.000000  0.000000  0.043023
0.000000  0.999999  0.000000  0.000000  0.000000
0.000002  0.999991  0.000002  0.000002  0.000002
0.000000  0.999999  0.000000  0.000000  0.000000
0.000000  0.000000  0.000000  0.999999  0.000000
0.452766  0.000000  0.000000  0.547234  0.000000
0.203169  0.417964  0.000000  0.378867  0.000000
0.186474  0.621187  0.000000  0.192338  0.000000
0.000006  0.000006  0.000006  0.000006  0.999975
0.180279  0.588625  0.000000  0.074631  0.156464
0.188351  0.811648  0.000000  0.000000  0.000000
0.139049  0.740304  0.000000  0.120646  0.000000
0.000000  0.999999  0.000000  0.000000  0.000000
0.000000  0.999999  0.000000  0.000000  0.000000
0.216364  0.690889  0.000000  0.092747  0.000000
0.000000  0.951883  0.000000  0.000000  0.048117
0.000000  0.999999  0.000000  0.000000  0.000000
0.000000  0.999999  0.000000  0.000000  0.000000
0.000000  0.000000  0.000000  0.999999  0.000000
0.096940  0.375592  0.134161  0.212742  0.180566
0.000000  0.326470  0.240305  0.132576  0.300649
0.000000  0.000000  0.412126  0.124954  0.462919
0.000000  0.099377  0.383152  0.107653  0.409818
0.009740  0.320083  0.212676  0.101849  0.355652
0.000000  0.024539  0.396207  0.127446  0.451807
0.244300  0.402125  0.292014  0.061561  0.000000
0.000000  0.000000  0.436705  0.115715  0.447580
0.000000  0.426729  0.216653  0.117014  0.239603
0.000000  0.000000  0.436522  0.115380  0.448098
0.011065  0.269002  0.285575  0.190957  0.243401
0.000367  0.238808  0.253837  0.168770  0.338218
0.000000  0.027729  0.418899  0.122230  0.431143
0.000000  0.301589  0.264080  0.063559  0.370772
0.000000  0.000000  0.617290  0.075875  0.306835
0.099386  0.196529  0.343034  0.075872  0.285179
0.000000  0.348550  0.351029  0.090412  0.210009
0.375180  0.383759  0.000000  0.241061  0.000000
0.467682  0.006469  0.000000  0.400335  0.125514
0.000000  0.476550  0.000000  0.335756  0.187694
0.000016  0.999936  0.000016  0.000016  0.000016
0.000000  0.000000  0.000000  0.999999  0.000000
0.000017  0.000017  0.000016  0.000016  0.999934
0.409984  0.590015  0.000000  0.000000  0.000000
0.000000  0.000000  0.999999  0.000000  0.000000
0.000000  0.000000  0.999999  0.000000  0.000000
0.000000  0.000000  0.999999  0.000000  0.000000
0.000000  0.238820  0.000000  0.000000  0.761179
0.102830  0.120795  0.000000  0.000000  0.776375
0.385381  0.568832  0.000000  0.017870  0.027917
0.000000  0.000000  0.000000  0.999999  0.000000
0.000000  0.000000  0.000000  0.999999  0.000000
0.003790  0.950621  0.000000  0.045589  0.000000
0.999980  0.000005  0.000005  0.000005  0.000005
0.000000  0.000000  0.355656  0.644343  0.000000
0.485976  0.514024  0.000000  0.000000  0.000000
0.175844  0.824156  0.000000  0.000000  0.000000
0.364745  0.635255  0.000000  0.000000  0.000000
0.242978  0.516669  0.000000  0.165186  0.075167
0.111118  0.871658  0.000000  0.017224  0.000000
0.000000  0.999999  0.000000  0.000000  0.000000
0.694992  0.180718  0.000000  0.124289  0.000000
0.000000  0.000000  0.000000  0.506495  0.493505
0.310419  0.282224  0.000000  0.407357  0.000000
0.128140  0.439629  0.000000  0.432231  0.000000
0.000000  0.569949  0.000000  0.399535  0.030516
0.000000  0.140004  0.000000  0.318403  0.541592
0.021163  0.611426  0.000000  0.367411  0.000000
0.911842  0.000000  0.000000  0.088157  0.000000
0.400341  0.599658  0.000000  0.000000  0.000000
0.084611  0.766247  0.000000  0.149141  0.000000
0.000000  0.939205  0.000000  0.060794  0.000000
0.632791  0.367209  0.000000  0.000000  0.000000
0.000000  0.999999  0.000000  0.000000  0.000000
0.000000  0.999999  0.000000  0.000000  0.000000
0.000000  0.429174  0.000000  0.156125  0.414700
0.000000  0.999999  0.000000  0.000000  0.000000
0.299476  0.700503  0.000000  0.000021  0.000000
0.000000  0.999999  0.000000  0.000000  0.000000
