0.000000  0.130037  0.834794  0.035168  0.000000  0.000000
0.000000  0.000000  0.999999  0.000000  0.000000  0.000000
0.000003  0.000003  0.000003  0.999985  0.000003  0.000003
0.000000  0.000000  0.307643  0.504301  0.000000  0.188056
0.000000  0.065165  0.934834  0.000000  0.000000  0.000000
0.000000  0.476601  0.451391  0.000000  0.000000  0.072008
0.000000  0.051214  0.948785  0.000000  0.000000  0.000000
0.000000  0.574117  0.425882  0.000000  0.000000  0.000000
0.000000  0.159035  0.840964  0.000000  0.000000  0.000000
0.000000  0.647536  0.000074  0.163929  0.000000  0.188460
0.000000  0.114877  0.885122  0.000000  0.000000  0.000000
0.000000  0.609197  0.390803  0.000000  0.000000  0.000000
0.000000  0.549023  0.450976  0.000000  0.000000  0.000000
0.000000  0.000000  0.999999  0.000000  0.000000  0.000000
0.000000  0.087810  0.912189  0.000000  0.000000  0.000000
0.000000  0.000000  0.999999  0.000000  0.000000  0.000000
0.000000  0.000000  0.999999  0.000000  0.000000  0.000000
0.000000  0.000000  0.999999  0.000000  0.000000  0.000000
0.000000  0.000000  0.999999  0.000000  0.000000  0.000000
0.000000  0.000000  0.000000  0.000000  0.000000  0.999999
0.000000  0.000000  0.000000  0.000000  0.000000  0.999999
0.000000  0.000000  0.000000  0.000000  0.000000  0.999999
0.000000  0.000000  0.000000  0.000000  0.000000  0.999999
0.000000  0.410239  0.209761  0.173529  0.000000  0.206470
0.000000  0.724295  0.000000  0.095124  0.000000  0.180580
0.000000  0.436847  0.405762  0.115282  0.000000  0.042108
0.000000  0.734222  0.265778  0.000000  0.000000  0.000000
0.000000  0.013955  0.986044  0.000000  0.000000  0.000000
0.000000  0.670389  0.329611  0.000000  0.000000  0.000000
0.000000  0.312568  0.687432  0.000000  0.000000  0.000000
0.000000  0.290989  0.709011  0.000000  0.000000  0.000000
0.000000  0.514605  0.254297  0.071744  0.000000  0.159354
0.000000  0.000000  0.999999  0.000000  0.000000  0.000000
0.000000  0.000000  0.542897  0.000000  0.000000  0.457102
0.000000  0.858093  0.141906  0.000000  0.000000  0.000000
0.000000  0.874953  0.125047  0.000000  0.000000  0.000000
0.000000  0.858208  0.141792  0.000000  0.000000  0.000000
0.047733  0.000000  0.000000  0.000000  0.771542  0.180724
0.000000  0.261277  0.000000  0.000000  0.738722  0.000000
0.000000  0.000000  0.000000  0.000000  0.999999  0.000000
0.000000  0.000000  0.999999  0.000000  0.000000  0.000000
0.000000  0.000000  0.000000  0.000000  0.999999  0.000000
0.000000  0.000000  0.000000  0.000000  0.999999  0.000000
0.000000  0.000000  0.887397  0.046422  0.000000  0.066180
0.000000  0.639769  0.360230  0.000000  0.000000  0.000000
0.000000  0.207053  0.699486  0.000000  0.000000  0.093461
0.000000  0.302765  0.585696  0.000000  0.000000  0.111539
0.000000  0.000000  0.386589  0.049360  0.000000  0.564050
0.000000  0.000000  0.999999  0.000000  0.000000  0.000000
0.000000  0.000000  0.186912  0.398678  0.000000  0.414410
0.000000  0.078309  0.909685  0.000000  0.000000  0.012006
0.000000  0.121014  0.878985  0.000000  0.000000  0.000000
0.000000  0.720521  0.000000  0.121811  0.000000  0.157668
0.000000  0.000000  0.340194  0.552507  0.000000  0.107299
0.000000  0.000000  0.259728  0.740271  0.000000  0.000000
0.000000  0.236507  0.098969  0.450352  0.000000  0.214171
0.000000  0.000000  0.000000  0.999999  0.000000  0.000000
0.000000  0.000000  0.129727  0.870272  0.000000  0.000000
0.000000  0.000000  0.273626  0.603299  0.000000  0.123074
0.000000  0.000000  0.168719  0.831281  0.000000  0.000000
0.000000  0.597802  0.000000  0.000000  0.000000  0.402197
0.000001  0.000001  0.758906  0.241089  0.000001  0.000001
0.000000  0.000000  0.902097  0.097902  0.000000  0.000000
0.000000  0.428939  0.253629  0.063463  0.000000  0.253969
0.000000  0.000000  0.999999  0.000000  0.000000  0.000000
0.000000  0.000000  0.999999  0.000000  0.000000  0.000000
0.000000  0.000000  0.999999  0.000000  0.000000  0.000000
0.000000  0.000000  0.000000  0.000000  0.000000  0.999999
0.000000  0.000000  0.000000  0.000000  0.000000  0.999999
0.000000  0.359367  0.521500  0.015329  0.000000  0.103803
0.000000  0.000000  0.714406  0.014453  0.000000  0.271141
0.000000  0.000000  0.346020  0.000000  0.000000  0.653979
0.000000  0.000000  0.000000  0.000000  0.000000  0.999999
0.000000  0.000000  0.000000  0.000000  0.000000  0.999999
0.000000  0.000000  0.000000  0.000000  0.000000  0.999999
0.000000  0.000000  0.000000  0.000000  0.000000  0.999999
0.000000  0.000000  0.000000  0.000000  0.000000  0.999999
0.000000  0.000000  0.000000  0.000000  0.000000  0.999999
0.000000  0.000000  0.000000  0.000000  0.000000  0.999999
0.000000  0.376957  0.249192  0.000000  0.000000  0.373851
0.000004  0.999980  0.000004  0.000004  0.000004  0.000004
0.058269  0.131788  0.000000  0.000000  0.000000  0.809942
0.000000  0.000000  0.999999  0.000000  0.000000  0.000000
0.000000  0.129461  0.000000  0.681644  0.093473  0.095422
0.000000  0.000000  0.999999  0.000000  0.000000  0.000000
0.000000  0.169872  0.187776  0.577276  0.000000  0.065075
0.000000  0.326415  0.673585  0.000000  0.000000  0.000000
0.000000  0.944263  0.000000  0.000000  0.000000  0.055737
0.000000  0.741715  0.258285  0.000000  0.000000  0.000000
0.000000  0.000000  0.960282  0.000000  0.000000  0.039717
0.000000  0.000190  0.957764  0.042046  0.000000  0.000000
0.000000  0.446320  0.553680  0.000000  0.000000  0.000000
0.000001  0.853070  0.146927  0.000001  0.000001  0.000001
0.000000  0.350526  0.608848  0.040625  0.000000  0.000000
0.000000  0.267037  0.732962  0.000000  0.000000  0.000000
0.000000  0.218909  0.781091  0.000000  0.000000  0.000000
0.000000  0.339390  0.660562  0.000048  0.000000  0.000000
0.000000  0.251852  0.748148  0.000000  0.000000  0.000000
0.000000  0.359199  0.640800  0.000000  0.000000  0.000000
0.000000  0.193451  0.783863  0.022685  0.000000  0.000000
0.000000  0.627195  0.365615  0.000000  0.000000  0.007189
0.000000  0.404458  0.595541  0.000000  0.000000  0.000000
0.000000  0.064892  0.935107  0.000000  0.000000  0.000000
0.000000  0.786037  0.162715  0.051248  0.000000  0.000000
0.000000  0.990552  0.009448  0.000000  0.000000  0.000000
0.000000  0.716669  0.283330  0.000000  0.000000  0.000000
0.000000  0.143016  0.806939  0.050045  0.000000  0.000000
0.000000  0.217111  0.722316  0.060572  0.000000  0.000000
0.000000  0.267723  0.528312  0.000000  0.000000  0.203964
0.000000  0.266689  0.529508  0.000000  0.000000  0.203803
0.000000  0.505631  0.267524  0.000000  0.000000  0.226844
0.000000  0.534236  0.465764  0.000000  0.000000  0.000000
0.000000  0.000000  0.862741  0.067258  0.000000  0.070001
0.000000  0.999999  0.000000  0.000000  0.000000  0.000000
0.000005  0.999977  0.000005  0.000005  0.000005  0.000005
0.000002  0.000002  0.834433  0.000002  0.000002  0.165560
0.000000  0.141470  0.698254  0.160275  0.000000  0.000000
0.000000  0.715661  0.000000  0.284338  0.000000  0.000000
0.000000  0.473428  0.000000  0.526571  0.000000  0.000000
0.000000  0.121325  0.595141  0.283533  0.000000  0.000000
0.000000  0.442015  0.374127  0.000000  0.000000  0.183858
0.000000  0.473532  0.000000  0.526467  0.000000  0.000000
0.000000  0.000000  0.000000  0.999999  0.000000  0.000000
0.000000  0.474258  0.427019  0.000000  0.000000  0.098722
0.000000  0.667293  0.230549  0.102157  0.000000  0.000000
0.000000  0.575102  0.000000  0.083928  0.000000  0.340969
0.000000  0.261604  0.466728  0.197979  0.000000  0.073688
0.000000  0.198291  0.801708  0.000000  0.000000  0.000000
0.000000  0.766296  0.025994  0.000000  0.000000  0.207709
0.000000  0.247672  0.701913  0.015917  0.000000  0.034497
0.000000  0.227851  0.241040  0.452861  0.000000  0.078249
0.000000  0.320942  0.405413  0.273644  0.000000  0.000000
0.000000  0.542791  0.359061  0.098148  0.000000  0.000000
0.000000  0.690822  0.085970  0.000000  0.000000  0.223207
0.000000  0.403926  0.493037  0.103037  0.000000  0.000000
0.000000  0.000000  0.852927  0.000000  0.000000  0.147073
0.000002  0.000002  0.846592  0.153398  0.000002  0.000002
0.000000  0.671770  0.328229  0.000000  0.000000  0.000000
0.000000  0.532115  0.294224  0.173661  0.000000  0.000000
0.000000  0.000000  0.999999  0.000000  0.000000  0.000000
0.000000  0.186193  0.813806  0.000000  0.000000  0.000000
0.000000  0.538144  0.461856  0.000000  0.000000  0.000000
0.000000  0.000000  0.290093  0.000000  0.000000  0.709906
0.000000  0.066576  0.134669  0.000000  0.000000  0.798754
0.000000  0.000000  0.999999  0.000000  0.000000  0.000000
0.000000  0.000000  0.999999  0.000000  0.000000  0.000000
0.000000  0.000000  0.000000  0.000000  0.000000  0.999999
0.000000  0.611633  0.017026  0.000000  0.000000  0.371340
0.000000  0.000000  0.999999  0.000000  0.000000  0.000000
0.000000  0.000000  0.999999  0.000000  0.000000  0.000000
0.000000  0.000000  0.795318  0.000000  0.000000  0.204682
0.000000  0.000000  0.518685  0.000000  0.481315  0.000000
0.000000  0.000000  0.000000  0.000000  0.000000  0.999999
0.000000  0.000000  0.999999  0.000000  0.000000  0.000000
0.000000  0.585948  0.000000  0.000000  0.000000  0.414051
0.000000  0.180115  0.819884  0.000000  0.000000  0.000000
0.000000  0.606442  0.393557  0.000000  0.000000  0.000000
0.000000  0.000000  0.999999  0.000000  0.000000  0.000000
0.000000  0.341864  0.500953  0.096821  0.000000  0.060361
0.000000  0.280098  0.000000  0.619760  0.000000  0.100141
0.000000  0.000000  0.000000  0.000000  0.000000  0.999999
0.000000  0.000000  0.000000  0.000000  0.000000  0.999999
0.000000  0.000000  0.000000  0.000000  0.999999  0.000000
0.000000  0.000000  0.961972  0.000000  0.000000  0.038027
0.000000  0.196770  0.803229  0.000000  0.000000  0.000000
0.000000  0.673488  0.192369  0.118957  0.000000  0.015185
0.000000  0.000000  0.851616  0.093024  0.000000  0.055359
0.000000  0.000000  0.830863  0.074744  0.000000  0.094392
0.000000  0.604832  0.271639  0.123529  0.000000  0.000000
0.000005  0.000005  0.000005  0.000005  0.000005  0.999973
0.000000  0.389675  0.590347  0.019978  0.000000  0.000000
0.000004  0.000004  0.000004  0.999982  0.000004  0.000004
0.000009  0.000009  0.000009  0.999955  0.000009  0.000009
0.000000  0.069330  0.863470  0.067200  0.000000  0.000000
0.000000  0.631301  0.271040  0.000000  0.000000  0.097658
0.000000  0.999999  0.000000  0.000000  0.000000  0.000000
0.000000  0.368377  0.311707  0.000000  0.000000  0.319915
0.000000  0.000000  0.973511  0.000000  0.000000  0.026487
0.000000  0.220522  0.696399  0.083078  0.000000  0.000000
0.000000  0.000000  0.698439  0.256983  0.000000  0.044577
0.000000  0.266854  0.733145  0.000000  0.000000  0.000000
0.000000  0.000000  0.999999  0.000000  0.000000  0.000000
0.000000  0.115569  0.884431  0.000000  0.000000  0.000000
0.000000  0.000104  0.927414  0.000000  0.000000  0.072481
0.000000  0.000000  0.660320  0.000000  0.000000  0.339679
0.000000  0.744438  0.000000  0.061112  0.000000  0.194449
0.000002  0.355122  0.000002  0.000002  0.000002  0.644870
0.000000  0.338050  0.629830  0.000000  0.000000  0.032120
0.000000  0.279095  0.689649  0.000000  0.000000  0.031256
0.000000  0.000000  0.331581  0.597032  0.000000  0.071387
0.000000  0.890048  0.000000  0.000000  0.000000  0.109951
0.000000  0.000000  0.518894  0.000000  0.481105  0.000000
0.000000  0.000000  0.551400  0.000000  0.448599  0.000000
0.000000  0.000000  0.549449  0.000000  0.450550  0.000000
0.000000  0.300830  0.000000  0.000000  0.699169  0.000000
0.000000  0.300556  0.000000  0.000000  0.699443  0.000000
0.000000  0.155343  0.314576  0.000000  0.530081  0.000000
0.000000  0.155659  0.314337  0.000000  0.530003  0.000000
0.000000  0.365209  0.000000  0.000000  0.634790  0.000000
0.000000  0.022162  0.376963  0.000000  0.600875  0.000000
0.000000  0.365503  0.000000  0.000000  0.634496  0.000000
0.000000  0.000000  0.607965  0.000000  0.392034  0.000000
0.000000  0.000000  0.484019  0.000000  0.515981  0.000000
0.000000  0.000000  0.483910  0.000000  0.516089  0.000000
0.000004  0.000004  0.000004  0.000004  0.999981  0.000004
0.000000  0.023142  0.376044  0.000000  0.600813  0.000000
0.000000  0.743361  0.000000  0.000000  0.000000  0.256639
0.000000  0.246234  0.208814  0.371487  0.000000  0.173464
0.000000  0.000000  0.855580  0.090024  0.000000  0.054396
0.000032  0.000032  0.000032  0.999841  0.000032  0.000032
0.000000  0.105612  0.894388  0.000000  0.000000  0.000000
0.000000  0.467111  0.514337  0.000000  0.000000  0.018552
0.000000  0.000000  0.999999  0.000000  0.000000  0.000000
0.000018  0.000018  0.000018  0.999911  0.000018  0.000018
0.000000  0.000000  0.000000  0.160326  0.000000  0.839674
0.000000  0.472961  0.502512  0.024526  0.000000  0.000000
0.000000  0.127753  0.872246  0.000000  0.000000  0.000000
0.000000  0.345425  0.634943  0.000000  0.000000  0.019632
0.000000  0.000000  0.999999  0.000000  0.000000  0.000000
0.000000  0.461190  0.538810  0.000000  0.000000  0.000000
0.000000  0.290665  0.552037  0.086031  0.010447  0.060820
0.000000  0.018687  0.182786  0.000000  0.000000  0.798526
0.000000  0.000000  0.414976  0.000000  0.000000  0.585023
0.000000  0.633731  0.079930  0.000000  0.000000  0.286339
0.000000  0.128487  0.789224  0.000000  0.000000  0.082288
0.000000  0.876709  0.000000  0.000000  0.000000  0.123290
0.000000  0.166045  0.561211  0.000000  0.000000  0.272743
0.000000  0.171438  0.828561  0.000000  0.000000  0.000000
0.000000  0.000000  0.165061  0.299337  0.000000  0.535602
0.000000  0.116537  0.779523  0.000000  0.000000  0.103939
0.000000  0.344994  0.127702  0.000000  0.000000  0.527304
0.000000  0.106929  0.893070  0.000000  0.000000  0.000000
0.000000  0.147741  0.852259  0.000000  0.000000  0.000000
0.000000  0.369543  0.226924  0.000000  0.000000  0.403533
0.000000  0.185929  0.814070  0.000000  0.000000  0.000000
0.000000  0.341931  0.658069  0.000000  0.000000  0.000000
0.025241  0.000134  0.974624  0.000000  0.000000  0.000000
0.000001  0.000001  0.984891  0.000001  0.000001  0.015106
0.000000  0.348146  0.000000  0.306902  0.000000  0.344951
0.000000  0.000000  0.856223  0.089379  0.000000  0.054398
0.000000  0.000000  0.289443  0.710556  0.000000  0.000000
0.000000  0.016665  0.319904  0.438349  0.000000  0.225081
0.000000  0.000000  0.999999  0.000000  0.000000  0.000000
0.000000  0.096948  0.903051  0.000000  0.000000  0.000000
0.000000  0.000000  0.999999  0.000000  0.000000  0.000000
0.000000  0.000000  0.999999  0.000000  0.000000  0.000000
0.000000  0.187386  0.812613  0.000000  0.000000  0.000000
0.000000  0.000000  0.999999  0.000000  0.000000  0.000000
0.000000  0.000000  0.999999  0.000000  0.000000  0.000000
0.000000  0.192857  0.807142  0.000000  0.000000  0.000000
0.000000  0.106364  0.865783  0.000000  0.000000  0.027853
0.000000  0.000000  0.999999  0.000000  0.000000  0.000000
0.000000  0.888299  0.111700  0.000000  0.000000  0.000000
0.000000  0.529198  0.004082  0.000000  0.000000  0.466720
0.000000  0.386539  0.613460  0.000000  0.000000  0.000000
0.000000  0.542153  0.457846  0.000000  0.000000  0.000000
0.000032  0.000032  0.000032  0.000032  0.000032  0.999840
0.000000  0.000000  0.000000  0.951938  0.000000  0.048062
0.000022  0.000022  0.000022  0.000022  0.000022  0.999888
0.000000  0.180801  0.727259  0.091939  0.000000  0.000000
0.000000  0.000000  0.999998  0.000000  0.000000  0.000000
0.000000  0.000000  0.999999  0.000000  0.000000  0.000000
0.000000  0.169333  0.830666  0.000000  0.000000  0.000000
0.000000  0.304016  0.695983  0.000000  0.000000  0.000000
0.000000  0.517081  0.000000  0.482918  0.000000  0.000000
0.000000  0.518196  0.000000  0.481803  0.000000  0.000000
0.000000  0.000000  0.999999  0.000000  0.000000  0.000000
0.000000  0.596966  0.000000  0.191610  0.000000  0.211423
0.000001  0.000001  0.999995  0.000001  0.000001  0.000001
0.000000  0.473422  0.000000  0.526577  0.000000  0.000000
0.000008  0.000008  0.000008  0.000008  0.000008  0.999961
0.000000  0.000000  0.999999  0.000000  0.000000  0.000000
0.000000  0.000000  0.378727  0.339093  0.000000  0.282179
0.000000  0.027949  0.510148  0.461902  0.000000  0.000000
0.000004  0.999978  0.000005  0.000004  0.000004  0.000004
0.000000  0.219913  0.753460  0.000000  0.000000  0.026627
0.000000  0.000000  0.523410  0.000000  0.000000  0.476589
0.000000  0.000000  0.999999  0.000000  0.000000  0.000000
0.000000  0.000000  0.999999  0.000000  0.000000  0.000000
0.000000  0.000000  0.999999  0.000000  0.000000  0.000000
0.000000  0.000000  0.999999  0.000000  0.000000  0.000000
0.000000  0.000000  0.999999  0.000000  0.000000  0.000000
0.000000  0.000000  0.999999  0.000000  0.000000  0.000000
0.000000  0.000000  0.999999  0.000000  0.000000  0.000000
0.000000  0.000000  0.999999  0.000000  0.000000  0.000000
0.000000  0.000000  0.999999  0.000000  0.000000  0.000000
0.000000  0.391003  0.000000  0.018568  0.000000  0.590428
0.000000  0.000000  0.944768  0.000000  0.000000  0.055232
0.000000  0.000000  0.612126  0.387874  0.000000  0.000000
0.000000  0.000000  0.566800  0.200855  0.000000  0.232345
0.000000  0.748806  0.005972  0.245221  0.000000  0.000000
0.000000  0.749155  0.004326  0.246518  0.000000  0.000000
0.000000  0.749432  0.004511  0.246056  0.000000  0.000000
0.000000  0.845304  0.004003  0.150693  0.000000  0.000000
0.000000  0.749483  0.004459  0.246058  0.000000  0.000000
0.000000  0.749508  0.004616  0.245875  0.000000  0.000000
0.000000  0.749711  0.004344  0.245945  0.000000  0.000000
0.000000  0.749180  0.004397  0.246422  0.000000  0.000000
0.000002  0.000002  0.720152  0.279840  0.000002  0.000002
0.000000  0.961086  0.038914  0.000000  0.000000  0.000000
0.000000  0.120659  0.879341  0.000000  0.000000  0.000000
0.000000  0.999999  0.000000  0.000000  0.000000  0.000000
0.000000  0.000000  0.000000  0.953740  0.046259  0.000000
0.000000  0.000000  0.738514  0.261485  0.000000  0.000000
0.000020  0.000020  0.000020  0.683353  0.000020  0.316565
0.000000  0.288229  0.629397  0.048872  0.000000  0.033502
0.000000  0.000000  0.000000  0.000000  0.000000  0.999999
0.000000  0.000000  0.587071  0.000000  0.000000  0.412928
0.000000  0.000000  0.333603  0.000000  0.000000  0.666397
0.000000  0.000000  0.501831  0.000000  0.000000  0.498168
0.000000  0.000000  0.497350  0.000000  0.000000  0.502650
0.000000  0.270247  0.000000  0.346008  0.000000  0.383745
0.000000  0.508195  0.299358  0.109590  0.000000  0.082856
0.000000  0.239355  0.736346  0.000000  0.000000  0.024299
0.000000  0.076521  0.649436  0.043958  0.000000  0.230084
0.000000  0.000000  0.918391  0.081608  0.000000  0.000000
0.000003  0.999985  0.000003  0.000003  0.000003  0.000003
0.000000  0.206249  0.687339  0.053236  0.000000  0.053176
0.000000  0.518332  0.481667  0.000000  0.000000  0.000000
0.000000  0.000000  0.999999  0.000000  0.000000  0.000000
0.000000  0.000000  0.999999  0.000000  0.000000  0.000000
0.000000  0.000000  0.999999  0.000000  0.000000  0.000000
0.000000  0.000000  0.981357  0.000000  0.000000  0.018642
0.000000  0.000000  0.987656  0.012343  0.000000  0.000000
0.000000  0.000000  0.971061  0.000000  0.028938  0.000000
0.000000  0.000000  0.999999  0.000000  0.000000  0.000000
0.000000  0.000000  0.999999  0.000000  0.000000  0.000000
0.000000  0.000000  0.999999  0.000000  0.000000  0.000000
0.000000  0.000000  0.999999  0.000000  0.000000  0.000000
0.000000  0.000000  0.999999  0.000000  0.000000  0.000000
0.000000  0.000167  0.999832  0.000000  0.000000  0.000000
0.000000  0.000000  0.999999  0.000000  0.000000  0.000000
0.000003  0.999983  0.000003  0.000003  0.000003  0.000003
0.000008  0.000008  0.999961  0.000008  0.000008  0.000008
0.000000  0.000000  0.999999  0.000000  0.000000  0.000000
0.000000  0.516241  0.483758  0.000000  0.000000  0.000000
0.000000  0.216864  0.783136  0.000000  0.000000  0.000000
0.000000  0.000000  0.999999  0.000000  0.000000  0.000000
0.000000  0.135000  0.864999  0.000000  0.000000  0.000000
0.000000  0.542801  0.457198  0.000000  0.000000  0.000000
0.000000  0.000000  0.999999  0.000000  0.000000  0.000000
0.000000  0.619090  0.380909  0.000000  0.000000  0.000000
0.000000  0.646453  0.353546  0.000000  0.000000  0.000000
0.000000  0.999999  0.000000  0.000000  0.000000  0.000000
0.000000  0.000000  0.294026  0.476272  0.000000  0.229702
0.000000  0.902644  0.097356  0.000000  0.000000  0.000000
0.000000  0.575317  0.389804  0.034879  0.000000  0.000000
0.000000  0.557445  0.442554  0.000000  0.000000  0.000000
0.000000  0.000000  0.425714  0.000000  0.000000  0.574285
0.000000  0.042668  0.660182  0.000000  0.000000  0.297149
0.000000  0.000000  0.999999  0.000000  0.000000  0.000000
0.000000  0.000000  0.999999  0.000000  0.000000  0.000000
0.000000  0.000000  0.999999  0.000000  0.000000  0.000000
0.000000  0.000000  0.999999  0.000000  0.000000  0.000000
0.000000  0.000000  0.999999  0.000000  0.000000  0.000000
0.000000  0.000000  0.999999  0.000000  0.000000  0.000000
0.000000  0.000000  0.999999  0.000000  0.000000  0.000000
0.000000  0.000000  0.999999  0.000000  0.000000  0.000000
0.000001  0.000001  0.437595  0.562399  0.000001  0.000001
0.000000  0.002522  0.997477  0.000000  0.000000  0.000000
0.000000  0.186557  0.813443  0.000000  0.000000  0.000000
0.000000  0.283969  0.716030  0.000000  0.000000  0.000000
0.000000  0.273861  0.726138  0.000000  0.000000  0.000000
0.000001  0.000001  0.999997  0.000001  0.000001  0.000001
0.000000  0.246385  0.753614  0.000000  0.000000  0.000000
0.000000  0.754053  0.145568  0.100378  0.000000  0.000000
0.000000  0.140985  0.859015  0.000000  0.000000  0.000000
0.000000  0.000000  0.839997  0.000000  0.000000  0.160002
0.000000  0.000000  0.760983  0.210768  0.000000  0.028248
0.000000  0.000000  0.756630  0.243369  0.000000  0.000000
0.000000  0.243377  0.269873  0.085901  0.000000  0.400848
0.000000  0.165473  0.450896  0.089846  0.000000  0.293785
0.000000  0.345392  0.000000  0.092674  0.000000  0.561933
0.000000  0.000000  0.758912  0.000000  0.000000  0.241088
0.000000  0.000000  0.792573  0.000000  0.000000  0.207426
0.000000  0.003186  0.902540  0.094274  0.000000  0.000000
0.000000  0.157833  0.000000  0.000000  0.577506  0.264660
0.000000  0.209657  0.701064  0.000000  0.000000  0.089278
0.000000  0.000000  0.999999  0.000000  0.000000  0.000000
0.000000  0.000000  0.999999  0.000000  0.000000  0.000000
0.000000  0.000000  0.999999  0.000000  0.000000  0.000000
0.000000  0.000000  0.999999  0.000000  0.000000  0.000000
0.000000  0.000000  0.999999  0.000000  0.000000  0.000000
0.000000  0.000000  0.999999  0.000000  0.000000  0.000000
0.000001  0.000001  0.999997  0.000001  0.000001  0.000001
0.000000  0.000000  0.999999  0.000000  0.000000  0.000000
0.000000  0.000000  0.999999  0.000000  0.000000  0.000000
0.000000  0.000000  0.999999  0.000000  0.000000  0.000000
0.000000  0.000000  0.999999  0.000000  0.000000  0.000000
0.000000  0.000000  0.999999  0.000000  0.000000  0.000000
0.000000  0.000000  0.999999  0.000000  0.000000  0.000000
0.000001  0.000001  0.999994  0.000001  0.000001  0.000001
0.000000  0.000000  0.999999  0.000000  0.000000  0.000000
0.000001  0.000001  0.999997  0.000001  0.000001  0.000001
0.000000  0.000000  0.898498  0.000000  0.000000  0.101501
0.000000  0.828321  0.000000  0.000000  0.000000  0.171679
0.999999  0.000000  0.000000  0.000000  0.000000  0.000000
0.000001  0.999995  0.000001  0.000001  0.000001  0.000001
0.000000  0.000000  0.000000  0.000000  0.000000  0.999999
0.000000  0.000000  0.999999  0.000000  0.000000  0.000000
0.000000  0.267530  0.732469  0.000000  0.000000  0.000000
0.000000  0.478631  0.000000  0.521369  0.000000  0.000000
0.000000  0.000000  0.201072  0.409657  0.000000  0.389270
0.000003  0.147808  0.377047  0.475137  0.000003  0.000003
0.000000  0.478605  0.033369  0.000000  0.000000  0.488025
0.000000  0.176215  0.807905  0.015879  0.000000  0.000000
0.000000  0.004233  0.995766  0.000000  0.000000  0.000000
0.000000  0.000000  0.999999  0.000000  0.000000  0.000000
0.000000  0.770392  0.229608  0.000000  0.000000  0.000000
0.000002  0.842072  0.000002  0.157920  0.000002  0.000002
0.000000  0.346812  0.653188  0.000000  0.000000  0.000000
0.000000  0.000000  0.418129  0.000000  0.000000  0.581870
0.000000  0.000000  0.988373  0.011626  0.000000  0.000000
0.000000  0.207051  0.400091  0.000000  0.000000  0.392857
0.000000  0.079282  0.712883  0.000000  0.000000  0.207835
0.000000  0.307477  0.692523  0.000000  0.000000  0.000000
0.000000  0.635792  0.280590  0.000000  0.000000  0.083617
0.000000  0.239177  0.706883  0.000000  0.000000  0.053940
0.000000  0.179152  0.820847  0.000000  0.000000  0.000000
0.000000  0.000000  0.449210  0.550790  0.000000  0.000000
0.000000  0.000000  0.347098  0.403584  0.051027  0.198290
0.000000  0.149559  0.000000  0.420221  0.025119  0.405102
0.000022  0.000022  0.000022  0.661043  0.338871  0.000022
0.000000  0.000000  0.000000  0.000000  0.000000  0.999999
0.000000  0.000000  0.999999  0.000000  0.000000  0.000000
0.000000  0.000000  0.999999  0.000000  0.000000  0.000000
0.000000  0.000000  0.958642  0.041358  0.000000  0.000000
0.000000  0.000000  0.999999  0.000000  0.000000  0.000000
0.000000  0.000000  0.999999  0.000000  0.000000  0.000000
0.000000  0.000000  0.999999  0.000000  0.000000  0.000000
0.000000  0.000000  0.999999  0.000000  0.000000  0.000000
0.000000  0.043637  0.956362  0.000000  0.000000  0.000000
0.000000  0.000000  0.972422  0.000000  0.027577  0.000000
0.000000  0.000000  0.999999  0.000000  0.000000  0.000000
0.000002  0.020991  0.979002  0.000002  0.000002  0.000002
0.000000  0.000000  0.999999  0.000000  0.000000  0.000000
0.000000  0.000000  0.000000  0.000000  0.000000  0.999999
0.000000  0.453486  0.000000  0.000000  0.000000  0.546513
0.000000  0.212046  0.410188  0.000000  0.000000  0.377765
0.000000  0.184399  0.622870  0.000000  0.000000  0.192731
0.000005  0.000005  0.000005  0.999974  0.000005  0.000005
0.000000  0.205678  0.585934  0.135795  0.000000  0.072593
0.000000  0.188453  0.811546  0.000000  0.000000  0.000000
0.000000  0.136187  0.743411  0.000000  0.000000  0.120402
0.000000  0.000000  0.999999  0.000000  0.000000  0.000000
0.000000  0.000000  0.999999  0.000000  0.000000  0.000000
0.000000  0.215856  0.690110  0.000000  0.000000  0.094033
0.000000  0.000000  0.955361  0.044638  0.000000  0.000000
0.000000  0.000000  0.999999  0.000000  0.000000  0.000000
0.000000  0.000000  0.999999  0.000000  0.000000  0.000000
0.000000  0.000000  0.000000  0.000000  0.000000  0.999999
0.000000  0.237785  0.305440  0.000000  0.221246  0.235529
0.000000  0.008766  0.342003  0.165097  0.345350  0.138782
0.000000  0.000000  0.000000  0.000000  0.725987  0.274013
0.000000  0.132014  0.000000  0.174426  0.565614  0.127945
0.000000  0.082096  0.298481  0.195987  0.320032  0.103404
0.000000  0.000000  0.000000  0.306709  0.549604  0.143686
0.000000  0.231434  0.358576  0.000000  0.367406  0.042583
0.000000  0.000000  0.000000  0.000000  0.751167  0.248832
0.000000  0.000000  0.455007  0.080341  0.338022  0.126630
0.000000  0.000000  0.000000  0.000000  0.751357  0.248642
0.000000  0.079982  0.249726  0.000000  0.447115  0.223177
0.000000  0.000000  0.260922  0.203367  0.362136  0.173575
0.000000  0.000000  0.000000  0.000000  0.730535  0.269465
0.000000  0.013648  0.331797  0.240157  0.414399  0.000000
0.000000  0.000000  0.000000  0.000000  0.828433  0.171566
0.000000  0.168649  0.154150  0.132034  0.455903  0.089263
0.048782  0.002682  0.356914  0.124843  0.359864  0.106915
0.000000  0.357515  0.399259  0.000000  0.000000  0.243226
0.000000  0.470237  0.021853  0.109522  0.000000  0.398388
0.000000  0.000000  0.495667  0.172663  0.000000  0.331669
0.000013  0.000013  0.999935  0.000013  0.000013  0.000013
0.000000  0.000000  0.000000  0.000000  0.000000  0.999999
0.000013  0.000014  0.000014  0.999933  0.000013  0.000013
0.000000  0.405651  0.594348  0.000000  0.000000  0.000000
0.999999  0.000000  0.000000  0.000000  0.000000  0.000000
0.999999  0.000000  0.000000  0.000000  0.000000  0.000000
0.999999  0.000000  0.000000  0.000000  0.000000  0.000000
0.000000  0.000000  0.301515  0.698484  0.000000  0.000000
0.000000  0.213338  0.138524  0.648138  0.000000  0.000000
0.000000  0.422632  0.545368  0.031999  0.000000  0.000000
0.000000  0.000000  0.000000  0.000000  0.000000  0.999999
0.000000  0.000000  0.000000  0.000000  0.000000  0.999999
0.000000  0.005528  0.948999  0.000000  0.000000  0.045473
0.000004  0.999979  0.000004  0.000004  0.000004  0.000004
0.289526  0.000000  0.000000  0.000000  0.000000  0.710473
0.000000  0.480561  0.519438  0.000000  0.000000  0.000000
0.000000  0.175387  0.824613  0.000000  0.000000  0.000000
0.000000  0.361168  0.638831  0.000000  0.000000  0.000000
0.000000  0.242843  0.525986  0.066335  0.000000  0.164836
0.000000  0.118637  0.864609  0.000000  0.000000  0.016753
0.000000  0.065230  0.934770  0.000000  0.000000  0.000000
0.000000  0.670321  0.203851  0.000000  0.000000  0.125828
0.000000  0.187905  0.000000  0.330772  0.000000  0.481322
0.000000  0.306854  0.285405  0.000000  0.000000  0.407741
0.000000  0.122116  0.444927  0.000000  0.000000  0.432956
0.000000  0.000000  0.572714  0.029017  0.000000  0.398268
0.000000  0.000000  0.180298  0.510940  0.000000  0.308762
0.000000  0.000000  0.629971  0.000000  0.000000  0.370028
0.000000  0.911439  0.000000  0.000000  0.000000  0.088560
0.000000  0.398149  0.601850  0.000000  0.000000  0.000000
0.000000  0.093923  0.757808  0.000000  0.000000  0.148269
0.000000  0.000000  0.938351  0.000000  0.000000  0.061648
0.000000  0.620547  0.379453  0.000000  0.000000  0.000000
0.000000  0.000000  0.999999  0.000000  0.000000  0.000000
0.000000  0.000000  0.999999  0.000000  0.000000  0.000000
0.000000  0.000000  0.468500  0.390021  0.000000  0.141479
0.000000  0.000000  0.999999  0.000000  0.000000  0.000000
0.000000  0.297216  0.702783  0.000000  0.000000  0.000000
0.000000  0.000000  0.999999  0.000000  0.000000  0.000000
